-1.49572028597,-0.855756026042,-0.32243649715,-1.07337658333,1.51367516971,-3.06146367312,0.0,0.0,0.0
-1.49572028597,-0.855756026042,-0.32243649715,-1.07337658333,1.51367516971,-3.06146367312,0.0,0.0,0.0
-1.49572028597,-0.855756026042,-0.32243649715,-1.07337658333,1.51367516971,-3.06146367312,0.0,0.0,0.0
-1.49572028597,-0.855756026042,-0.32243649715,-1.07337658333,1.51367516971,-3.06146367312,0.0,0.0,0.0
-1.49572028597,-0.855756026042,-0.32243649715,-1.07337658333,1.51367516971,-3.06146367312,0.0,0.0,0.0
-1.49572028597,-0.855756026042,-0.32243649715,-1.07337658333,1.51367516971,-3.06146367312,0.0,0.0,0.0
-1.49572028597,-0.855756026042,-0.32243649715,-1.07337658333,1.51367516971,-3.06146367312,0.0,0.0,0.0
-1.49572028597,-0.855756026042,-0.32243649715,-1.07337658333,1.51367516971,-3.06146367312,0.0,0.0,0.0
-1.49572028597,-0.855756026042,-0.32243649715,-1.07337658333,1.51367516971,-3.06146367312,0.0,0.0,0.0
-1.49572028597,-0.855756026042,-0.32243649715,-1.07337658333,1.51367516971,-3.06146367312,0.0,0.0,0.0
-1.49572028597,-0.855756026042,-0.32243649715,-1.07337658333,1.51367516971,-3.06146367312,0.0,0.0,0.0
-1.49572028597,-0.855756026042,-0.32243649715,-1.07337658333,1.51367516971,-3.06146367312,0.0,0.0,0.0
-1.49572028597,-0.855756026042,-0.32243649715,-1.07337658333,1.51367516971,-3.06146367312,0.0,0.0,0.0
-1.49572028597,-0.854937903646,-0.32243649715,-1.07337658333,1.51367516971,-3.06146367312,0.0,0.0,0.0
-1.49572028597,-0.854937903646,-0.32243649715,-1.07337658333,1.51367516971,-3.06146367312,0.0,0.0,0.0
-1.49572028597,-0.854937903646,-0.32243649715,-1.07337658333,1.51367516971,-3.06146367312,0.0,0.0,0.0
-1.49572028597,-0.854937903646,-0.32243649715,-1.07337658333,1.51367516971,-3.06146367312,0.0,0.0,0.0
-1.49572028597,-0.854937903646,-0.32243649715,-1.07337658333,1.51367516971,-3.06146367312,0.0,0.0,0.0
-1.49572028597,-0.85411978125,-0.32243649715,-1.07337658333,1.51367516971,-3.06146367312,0.0,0.0,0.0
-1.49572028597,-0.85411978125,-0.32243649715,-1.07337658333,1.51367516971,-3.06146367312,0.0,0.0,0.0
-1.49572028597,-0.85411978125,-0.32243649715,-1.07337658333,1.51367516971,-3.06146367312,0.0,0.0,0.0
-1.49572028597,-0.85411978125,-0.32243649715,-1.07337658333,1.51367516971,-3.06146367312,0.0,0.0,0.0
-1.49572028597,-0.85411978125,-0.32243649715,-1.07337658333,1.51367516971,-3.06146367312,0.0,0.0,0.0
-1.49572028597,-0.853301658854,-0.32243649715,-1.0745664827,1.51367516971,-3.06146367312,0.0,0.0,0.0
-1.49572028597,-0.853301658854,-0.32243649715,-1.0745664827,1.51367516971,-3.06146367312,0.0,0.0,0.0
-1.49572028597,-0.853301658854,-0.32243649715,-1.0745664827,1.51367516971,-3.06146367312,0.0,0.0,0.0
-1.49572028597,-0.853301658854,-0.32243649715,-1.0745664827,1.51367516971,-3.06146367312,0.0,0.0,0.0
-1.49572028597,-0.852483536458,-0.32243649715,-1.0745664827,1.51367516971,-3.06146367312,0.0,0.0,0.0
-1.49572028597,-0.852483536458,-0.32243649715,-1.0745664827,1.51367516971,-3.06146367312,0.0,0.0,0.0
-1.49572028597,-0.852483536458,-0.32243649715,-1.07575651523,1.51367516971,-3.06146367312,0.0,0.0,0.0
-1.49572028597,-0.851665414062,-0.32243649715,-1.07575651523,1.51367516971,-3.06146367312,0.0,0.0,0.0
-1.49572028597,-0.850847291667,-0.32243649715,-1.07575651523,1.51367516971,-3.06146367312,0.0,0.0,0.0
-1.49572028597,-0.850847291667,-0.32243649715,-1.07575651523,1.51367516971,-3.06146367312,0.0,0.0,0.0
-1.49572028597,-0.850029169271,-0.32243649715,-1.07575651523,1.51367516971,-3.06146367312,0.0,0.0,0.0
-1.49572028597,-0.850029169271,-0.32243649715,-1.07575651523,1.51367516971,-3.06146367312,0.0,0.0,0.0
-1.49572028597,-0.849211046875,-0.32243649715,-1.07694654776,1.51367516971,-3.06027364059,0.0,0.0,0.0
-1.49572028597,-0.847574802083,-0.32243649715,-1.07694654776,1.51367516971,-3.06027364059,0.0,0.0,0.0
-1.49572028597,-0.846756679688,-0.32243649715,-1.07694654776,1.51367516971,-3.05908360806,0.0,0.0,0.0
-1.49572028597,-0.845938557292,-0.32243649715,-1.07694654776,1.51367516971,-3.05908360806,0.0,0.0,0.0
-1.49572028597,-0.845120434896,-0.32243649715,-1.07694654776,1.51367516971,-3.05789357554,0.0,0.0,0.0
-1.49572028597,-0.841847945313,-0.32243649715,-1.07813644713,1.51367516971,-3.05670367617,0.0,0.0,0.0
-1.49572028597,-0.841029822917,-0.32243649715,-1.07813644713,1.51367516971,-3.05670367617,0.0,0.0,0.0
-1.49572028597,-0.839393578125,-0.32243649715,-1.07813644713,1.51367516971,-3.05551364364,0.0,0.0,0.0
-1.49572028597,-0.837757333333,-0.32243649715,-1.07813644713,1.51367516971,-3.05432361111,0.0,0.0,0.0
-1.49572028597,-0.836121088542,-0.32243649715,-1.07813644713,1.51367516971,-3.05432361111,0.0,0.0,0.0
-1.49572028597,-0.832848598958,-0.32243649715,-1.07813644713,1.51367516971,-3.05194367921,0.0,0.0,0.0
-1.49572028597,-0.831212354167,-0.32243649715,-1.07932647966,1.51367516971,-3.05075364669,0.0,0.0,0.0
-1.49572028597,-0.829576109375,-0.32243649715,-1.07932647966,1.51367516971,-3.04956361416,0.0,0.0,0.0
-1.49572028597,-0.827121742188,-0.32243649715,-1.07932647966,1.51367516971,-3.04837371479,0.0,0.0,0.0
-1.49572028597,-0.823031130208,-0.32243649715,-1.07932647966,1.51367516971,-3.04718368226,0.0,0.0,0.0
-1.49572028597,-0.820576763021,-0.32243649715,-1.08051651218,1.51367516971,-3.04361371783,0.0,0.0,0.0
-1.49668275157,-0.818122395833,-0.32243649715,-1.08051651218,1.51367516971,-3.04242368531,0.0,0.0,0.0
-1.49668275157,-0.815668028646,-0.32243649715,-1.08051651218,1.51367516971,-3.04004375341,0.0,0.0,0.0
-1.49668275157,-0.812395539062,-0.32243649715,-1.08051651218,1.51367516971,-3.03885372088,0.0,0.0,0.0
-1.49668275157,-0.806668682292,-0.32243649715,-1.08051651218,1.51367516971,-3.03647365582,0.0,0.0,0.0
-1.49668275157,-0.803396192708,-0.32243649715,-1.08051651218,1.51367516971,-3.03171365887,0.0,0.0,0.0
-1.49764521718,-0.800123703125,-0.32243649715,-1.08051651218,1.51367516971,-3.0305237595,0.0,0.0,0.0
-1.49764521718,-0.796851213542,-0.32243649715,-1.08051651218,1.51367516971,-3.02814369444,0.0,0.0,0.0
-1.49764521718,-0.793578723958,-0.32243649715,-1.08051651218,1.51367516971,-3.02576376255,0.0,0.0,0.0
-1.49764521718,-0.790306234375,-0.32243649715,-1.08051651218,1.51367516971,-3.02338369749,0.0,0.0,0.0
-1.49764521718,-0.786215622396,-0.32243649715,-1.08051651218,1.51367516971,-3.01981373306,0.0,0.0,0.0
-1.49764521718,-0.778852520833,-0.32243649715,-1.08051651218,1.51367516971,-3.01743380117,0.0,0.0,0.0
-1.49860768278,-0.77558003125,-0.32243649715,-1.08051651218,1.51367516971,-3.01148377169,0.0,0.0,0.0
-1.49860768278,-0.771489419271,-0.32243649715,-1.08051651218,1.51367516971,-3.00910383979,0.0,0.0,0.0
-1.49860768278,-0.767398807292,-0.32243649715,-1.08051651218,1.51367516971,-3.00672377473,0.0,0.0,0.0
-1.49860768278,-0.763308195313,-0.32243649715,-1.08170654471,1.51367516971,-3.00434384283,0.0,0.0,0.0
-1.49860768278,-0.75594509375,-0.32243649715,-1.08170654471,1.51367516971,-3.00077387841,0.0,0.0,0.0
-1.49860768278,-0.751854481771,-0.32243649715,-1.08170654471,1.51486506908,-2.99482384893,0.0,0.0,0.0
-1.49957014839,-0.746945747396,-0.32243649715,-1.08170654471,1.51486506908,-2.9912538845,0.0,0.0,0.0
-1.49957014839,-0.742855135417,-0.32243649715,-1.08170654471,1.51486506908,-2.98887381944,0.0,0.0,0.0
-1.49957014839,-0.737946401042,-0.32243649715,-1.08170654471,1.51486506908,-2.98530385502,0.0,0.0,0.0
-1.49957014839,-0.733037666667,-0.32243649715,-1.08170654471,1.51486506908,-2.98173389059,0.0,0.0,0.0
-1.49957014839,-0.728947054687,-0.32243649715,-1.08170654471,1.51486506908,-2.97816392617,0.0,0.0,0.0
-1.50053274715,-0.724038320313,-0.32243649715,-1.08170654471,1.51486506908,-2.97459396174,0.0,0.0,0.0
-1.50053274715,-0.719129585937,-0.32243649715,-1.08170654471,1.51486506908,-2.97102386416,0.0,0.0,0.0
-1.50053274715,-0.714220851562,-0.32243649715,-1.08170654471,1.51486506908,-2.96745389973,0.0,0.0,0.0
-1.50053274715,-0.709312117187,-0.32243649715,-1.08170654471,1.51486506908,-2.96507396783,0.0,0.0,0.0
-1.50053274715,-0.700312770833,-0.32243649715,-1.08170654471,1.51486506908,-2.96150400341,0.0,0.0,0.0
-1.50053274715,-0.695404036458,-0.32243649715,-1.08170654471,1.51605510161,-2.9543639414,0.0,0.0,0.0
-1.50053274715,-0.691313424479,-0.32243649715,-1.08170654471,1.51605510161,-2.95079397697,0.0,0.0,0.0
-1.50053274715,-0.686404690104,-0.32243649715,-1.08170654471,1.51605510161,-2.94841404507,0.0,0.0,0.0
-1.50053274715,-0.681495955729,-0.32243649715,-1.08170654471,1.51605510161,-2.94484394749,0.0,0.0,0.0
-1.50053274715,-0.676587221354,-0.32243649715,-1.08170654471,1.51724513414,-2.94127398306,0.0,0.0,0.0
-1.50053274715,-0.671678486979,-0.323398962755,-1.08170654471,1.51724513414,-2.93770401864,0.0,0.0,0.0
-1.50149521276,-0.661861018229,-0.323398962755,-1.08170654471,1.51724513414,-2.93056408979,0.0,0.0,0.0
-1.50149521276,-0.656952283854,-0.32436142836,-1.08170654471,1.51724513414,-2.9269939922,0.0,0.0,0.0
-1.50149521276,-0.652043549479,-0.325324027123,-1.08170654471,1.51724513414,-2.92342402778,0.0,0.0,0.0
-1.50149521276,-0.646316692708,-0.325324027123,-1.08170654471,1.51724513414,-2.91985406335,0.0,0.0,0.0
-1.50149521276,-0.641407958333,-0.326286492728,-1.08051651218,1.51843516667,-2.91628409893,0.0,0.0,0.0
-1.50245767836,-0.631590489583,-0.327248958333,-1.08051651218,1.51843516667,-2.90914417007,0.0,0.0,0.0
-1.50245767836,-0.626681755208,-0.327248958333,-1.08051651218,1.51843516667,-2.90557407249,0.0,0.0,0.0
-1.50245767836,-0.621773020833,-0.328211423938,-1.08051651218,1.51962506604,-2.90200410806,0.0,0.0,0.0
-1.50245767836,-0.616864286458,-0.328211423938,-1.08051651218,1.51962506604,-2.89962417617,0.0,0.0,0.0
-1.50245767836,-0.611955552083,-0.329174022701,-1.08051651218,1.51962506604,-2.89605421174,0.0,0.0,0.0
-1.50342014397,-0.602956205729,-0.331098953911,-1.07932647966,1.51962506604,-2.88891414973,0.0,0.0,0.0
-1.50342014397,-0.598047471354,-0.332061419516,-1.07932647966,1.51962506604,-2.88534418531,0.0,0.0,0.0
-1.50438274273,-0.593138736979,-0.333024018279,-1.07932647966,1.51962506604,-2.88296425341,0.0,0.0,0.0
-1.50438274273,-0.588230002604,-0.333986483884,-1.07932647966,1.51962506604,-2.87939415582,0.0,0.0,0.0
-1.50438274273,-0.583321268229,-0.334948949489,-1.07932647966,1.52081509856,-2.8758241914,0.0,0.0,0.0
-1.50534520833,-0.578412533854,-0.335911415094,-1.07932647966,1.52081509856,-2.8734442595,0.0,0.0,0.0
-1.50534520833,-0.573503799479,-0.336873880699,-1.07932647966,1.52081509856,-2.86987429507,0.0,0.0,0.0
-1.50630767394,-0.564504453125,-0.338798945067,-1.07932647966,1.52081509856,-2.86392426559,0.0,0.0,0.0
-1.50630767394,-0.55959571875,-0.339761410672,-1.07813644713,1.52081509856,-2.86154426712,0.0,0.0,0.0
-1.50630767394,-0.554686984375,-0.340723876277,-1.07813644713,1.52081509856,-2.85797423611,0.0,0.0,0.0
-1.50727013954,-0.54977825,-0.34168647504,-1.07813644713,1.52081509856,-2.85559430421,0.0,0.0,0.0
-1.50727013954,-0.545687638021,-0.34361140625,-1.07813644713,1.52081509856,-2.85202427321,0.0,0.0,0.0
-1.50823273831,-0.540778903646,-0.344573871855,-1.07813644713,1.52081509856,-2.84964427473,0.0,0.0,0.0
-1.50823273831,-0.530961434896,-0.347461401828,-1.07813644713,1.52081509856,-2.84369431183,0.0,0.0,0.0
-1.50919520391,-0.526870822917,-0.349386466196,-1.07813644713,1.52081509856,-2.84131431335,0.0,0.0,0.0
-1.50919520391,-0.522780210938,-0.350348931801,-1.07813644713,1.52081509856,-2.83893431488,0.0,0.0,0.0
-1.50919520391,-0.517871476562,-0.352273863011,-1.07813644713,1.52081509856,-2.8365543164,0.0,0.0,0.0
-1.50919520391,-0.513780864583,-0.354198927379,-1.07694654776,1.52081509856,-2.83417431792,0.0,0.0,0.0
-1.51015766952,-0.505599640625,-0.358048922957,-1.07694654776,1.52081509856,-2.82941438755,0.0,0.0,0.0
-1.51015766952,-0.501509028646,-0.359973854167,-1.07694654776,1.52081509856,-2.82822435502,0.0,0.0,0.0
-1.51112013512,-0.497418416667,-0.361898918535,-1.07575651523,1.52081509856,-2.82584435654,0.0,0.0,0.0
-1.51112013512,-0.493327804687,-0.363823849745,-1.07575651523,1.52081509856,-2.82346435806,0.0,0.0,0.0
-1.51208273388,-0.489237192708,-0.365748914113,-1.07575651523,1.52081509856,-2.82227439212,0.0,0.0,0.0
-1.51208273388,-0.485964703125,-0.367673845323,-1.07575651523,1.52081509856,-2.81989439364,0.0,0.0,0.0
-1.51208273388,-0.481874091146,-0.369598776532,-1.07575651523,1.52081509856,-2.81870436111,0.0,0.0,0.0
-1.51304519949,-0.478601601563,-0.3715238409,-1.07575651523,1.52081509856,-2.81632442921,0.0,0.0,0.0
-1.51304519949,-0.475329111979,-0.37344877211,-1.07575651523,1.52081509856,-2.81513439669,0.0,0.0,0.0
-1.51400766509,-0.472056622396,-0.375373836478,-1.0745664827,1.52081509856,-2.81394443074,0.0,0.0,0.0
-1.51400766509,-0.465511643229,-0.380186297661,-1.0745664827,1.52081509856,-2.81156443226,0.0,0.0,0.0
-1.5149701307,-0.462239153646,-0.381148763266,-1.0745664827,1.52081509856,-2.81156443226,0.0,0.0,0.0
-1.5149701307,-0.458966664063,-0.383073827634,-1.0745664827,1.52081509856,-2.81037439973,0.0,0.0,0.0
-1.5149701307,-0.456512296875,-0.384998758844,-1.0745664827,1.52081509856,-2.80918443378,0.0,0.0,0.0
-1.5149701307,-0.453239807292,-0.386923823212,-1.0745664827,1.52081509856,-2.80918443378,0.0,0.0,0.0
-1.5159325963,-0.447512950521,-0.389811220027,-1.0745664827,1.52081509856,-2.80680443531,0.0,0.0,0.0
-1.5159325963,-0.445058583333,-0.391736284395,-1.0745664827,1.52081509856,-2.80680443531,0.0,0.0,0.0
-1.51689519507,-0.442604216146,-0.393661215605,-1.0745664827,1.52081509856,-2.80680443531,0.0,0.0,0.0
-1.51689519507,-0.440149848958,-0.395586279973,-1.0745664827,1.52081509856,-2.80680443531,0.0,0.0,0.0
-1.51689519507,-0.437695481771,-0.398473809946,-1.0745664827,1.52081509856,-2.80680443531,0.0,0.0,0.0
-1.51689519507,-0.433604869792,-0.403286271129,-1.07337658333,1.52081509856,-2.80680443531,0.0,0.0,0.0
-1.51785766067,-0.431968625,-0.405211202339,-1.07337658333,1.52081509856,-2.80680443531,0.0,0.0,0.0
-1.51785766067,-0.429514257813,-0.408098732312,-1.07337658333,1.52081509856,-2.80680443531,0.0,0.0,0.0
-1.51785766067,-0.427878013021,-0.410023663522,-1.07218655081,1.52081509856,-2.80680443531,0.0,0.0,0.0
-1.51882012628,-0.425423645833,-0.414836257863,-1.07218655081,1.52081509856,-2.80680443531,0.0,0.0,0.0
-1.51882012628,-0.423787401042,-0.416761189073,-1.07099651828,1.52081509856,-2.80680443531,0.0,0.0,0.0
-1.51882012628,-0.422969278646,-0.419648719045,-1.07099651828,1.52081509856,-2.80680443531,0.0,0.0,0.0
-1.51882012628,-0.42215115625,-0.421573650255,-1.07099651828,1.52081509856,-2.80680443531,0.0,0.0,0.0
-1.51978259188,-0.421333033854,-0.424461180228,-1.07099651828,1.52081509856,-2.80680443531,0.0,0.0,0.0
-1.51978259188,-0.419696789062,-0.428311175806,-1.07099651828,1.52081509856,-2.80680443531,0.0,0.0,0.0
-1.51978259188,-0.418878666667,-0.431198705779,-1.06980648575,1.52081509856,-2.80680443531,0.0,0.0,0.0
-1.51978259188,-0.418060544271,-0.433123636989,-1.06980648575,1.51962506604,-2.80680443531,0.0,0.0,0.0
-1.51978259188,-0.418060544271,-0.435048568199,-1.06861658638,1.51962506604,-2.80680443531,0.0,0.0,0.0
-1.51978259188,-0.417242421875,-0.436973632567,-1.06861658638,1.51962506604,-2.80680443531,0.0,0.0,0.0
-1.51978259188,-0.417242421875,-0.440823628145,-1.06861658638,1.51962506604,-2.80680443531,0.0,0.0,0.0
-1.51978259188,-0.417242421875,-0.443711158118,-1.06861658638,1.51962506604,-2.80799440125,0.0,0.0,0.0
-1.51978259188,-0.417242421875,-0.445636089328,-1.06742655385,1.51962506604,-2.80799440125,0.0,0.0,0.0
-1.51978259188,-0.417242421875,-0.447561153696,-1.06742655385,1.51843516667,-2.80799440125,0.0,0.0,0.0
-1.51978259188,-0.417242421875,-0.449486084906,-1.06742655385,1.51843516667,-2.80799440125,0.0,0.0,0.0
-1.51978259188,-0.418060544271,-0.454298546089,-1.06742655385,1.51843516667,-2.80918443378,0.0,0.0,0.0
-1.51978259188,-0.418060544271,-0.456223610457,-1.06623652132,1.51843516667,-2.81037439973,0.0,0.0,0.0
-1.51978259188,-0.418878666667,-0.458148541667,-1.06623652132,1.51724513414,-2.81037439973,0.0,0.0,0.0
-1.51978259188,-0.418878666667,-0.460073606035,-1.06623652132,1.51724513414,-2.81156443226,0.0,0.0,0.0
-1.51978259188,-0.419696789062,-0.46103607164,-1.06623652132,1.51724513414,-2.81275439821,0.0,0.0,0.0
-1.51978259188,-0.420514911458,-0.46296100285,-1.0650464888,1.51724513414,-2.81275439821,0.0,0.0,0.0
-1.51978259188,-0.42215115625,-0.466810998427,-1.0650464888,1.51724513414,-2.81394443074,0.0,0.0,0.0
-1.51978259188,-0.423787401042,-0.468736062795,-1.0650464888,1.51605510161,-2.81632442921,0.0,0.0,0.0
-1.51978259188,-0.424605523437,-0.470660994005,-1.0650464888,1.51605510161,-2.81632442921,0.0,0.0,0.0
-1.51978259188,-0.425423645833,-0.47162345961,-1.0650464888,1.51605510161,-2.81870436111,0.0,0.0,0.0
-1.51978259188,-0.426241768229,-0.473548523978,-1.0650464888,1.51605510161,-2.81870436111,0.0,0.0,0.0
-1.51978259188,-0.427878013021,-0.474510989583,-1.0650464888,1.51486506908,-2.81989439364,0.0,0.0,0.0
-1.51978259188,-0.428696135417,-0.476436053951,-1.0650464888,1.51486506908,-2.82108435959,0.0,0.0,0.0
-1.51978259188,-0.430332380208,-0.477398519556,-1.0650464888,1.51486506908,-2.82227439212,0.0,0.0,0.0
-1.51978259188,-0.431150502604,-0.479323450766,-1.0650464888,1.51486506908,-2.82346435806,0.0,0.0,0.0
-1.52074519065,-0.434422992187,-0.481248515134,-1.0650464888,1.51486506908,-2.82465439059,0.0,0.0,0.0
-1.52074519065,-0.435241114583,-0.482210980739,-1.0650464888,1.51486506908,-2.82584435654,0.0,0.0,0.0
-1.52074519065,-0.436877359375,-0.484135911949,-1.06385658943,1.51367516971,-2.82703438907,0.0,0.0,0.0
-1.52074519065,-0.438513604167,-0.485098510712,-1.06385658943,1.51367516971,-2.82822435502,0.0,0.0,0.0
-1.52074519065,-0.440149848958,-0.486060976317,-1.06385658943,1.51367516971,-2.82941438755,0.0,0.0,0.0
-1.52074519065,-0.444240460937,-0.487985907527,-1.06385658943,1.51248513718,-2.83179431944,0.0,0.0,0.0
-1.52074519065,-0.445876705729,-0.489910971895,-1.06385658943,1.51248513718,-2.83536435045,0.0,0.0,0.0
-1.52074519065,-0.448331072917,-0.4908734375,-1.0626665569,1.51129510466,-2.83774434893,0.0,0.0,0.0
-1.52074519065,-0.449967317708,-0.491835903105,-1.0626665569,1.51129510466,-2.8401243474,0.0,0.0,0.0
-1.52074519065,-0.452421684896,-0.492798501868,-1.0626665569,1.51129510466,-2.84131431335,0.0,0.0,0.0
-1.52074519065,-0.458148541667,-0.494723433078,-1.0626665569,1.51010520529,-2.84369431183,0.0,0.0,0.0
-1.52074519065,-0.460602908854,-0.495685898683,-1.0626665569,1.51010520529,-2.84964427473,0.0,0.0,0.0
-1.52074519065,-0.463875398437,-0.496648497446,-1.0626665569,1.51010520529,-2.85202427321,0.0,0.0,0.0
-1.52074519065,-0.467147888021,-0.496648497446,-1.0626665569,1.51010520529,-2.85440427169,0.0,0.0,0.0
-1.52074519065,-0.469602255208,-0.497610963051,-1.0626665569,1.50891517276,-2.85678427016,0.0,0.0,0.0
-1.52074519065,-0.476147234375,-0.498573428656,-1.0626665569,1.50891517276,-2.85916426864,0.0,0.0,0.0
-1.52074519065,-0.480237846354,-0.499535894261,-1.0626665569,1.50772514023,-2.86511429812,0.0,0.0,0.0
-1.52074519065,-0.483510335937,-0.500498359866,-1.0626665569,1.50772514023,-2.86868426255,0.0,0.0,0.0
-1.52074519065,-0.487600947917,-0.500498359866,-1.0626665569,1.50772514023,-2.87225422697,0.0,0.0,0.0
-1.52074519065,-0.4908734375,-0.501460958629,-1.0626665569,1.5065351077,-2.87463415887,0.0,0.0,0.0
-1.52074519065,-0.499054661458,-0.502423424234,-1.06147652437,1.5065351077,-2.87820425645,0.0,0.0,0.0
-1.52074519065,-0.503145273438,-0.502423424234,-1.06147652437,1.50534520833,-2.88534418531,0.0,0.0,0.0
-1.52074519065,-0.508054007812,-0.503385889839,-1.06147652437,1.50534520833,-2.88891414973,0.0,0.0,0.0
-1.52074519065,-0.512144619792,-0.503385889839,-1.06147652437,1.50534520833,-2.89248411416,0.0,0.0,0.0
-1.52074519065,-0.517053354167,-0.503385889839,-1.06147652437,1.50534520833,-2.89724411111,0.0,0.0,0.0
-1.51978259188,-0.526052700521,-0.504348355444,-1.06147652437,1.50534520833,-2.90081407554,0.0,0.0,0.0
-1.51978259188,-0.530961434896,-0.505310954207,-1.06147652437,1.50415517581,-2.90914417007,0.0,0.0,0.0
-1.51978259188,-0.535870169271,-0.505310954207,-1.06147652437,1.50415517581,-2.91390403387,0.0,0.0,0.0
-1.51978259188,-0.540778903646,-0.505310954207,-1.06147652437,1.50296514328,-2.91866403082,0.0,0.0,0.0
-1.51978259188,-0.546505760417,-0.505310954207,-1.060286625,1.50296514328,-2.92223412841,0.0,0.0,0.0
-1.51978259188,-0.556323229167,-0.506273419812,-1.060286625,1.50296514328,-2.9269939922,0.0,0.0,0.0
-1.51978259188,-0.562050085937,-0.506273419812,-1.060286625,1.50296514328,-2.93651398611,0.0,0.0,0.0
-1.51978259188,-0.566958820313,-0.506273419812,-1.060286625,1.50177511075,-2.94127398306,0.0,0.0,0.0
-1.51978259188,-0.571867554687,-0.506273419812,-1.060286625,1.50177511075,-2.94603398002,0.0,0.0,0.0
-1.51882012628,-0.577594411458,-0.506273419812,-1.060286625,1.50177511075,-2.95079397697,0.0,0.0,0.0
-1.51882012628,-0.587411880208,-0.506273419812,-1.060286625,1.50058521138,-2.95555397393,0.0,0.0,0.0
-1.51882012628,-0.593138736979,-0.506273419812,-1.060286625,1.50058521138,-2.9662638672,0.0,0.0,0.0
-1.51882012628,-0.598047471354,-0.506273419812,-1.060286625,1.50058521138,-2.97102386416,0.0,0.0,0.0
-1.51882012628,-0.603774328125,-0.506273419812,-1.060286625,1.50058521138,-2.97578386111,0.0,0.0,0.0
-1.51785766067,-0.6086830625,-0.506273419812,-1.060286625,1.49939517885,-2.98173389059,0.0,0.0,0.0
-1.51785766067,-0.613591796875,-0.506273419812,-1.060286625,1.49939517885,-2.98649388755,0.0,0.0,0.0
-1.51785766067,-0.619318653646,-0.506273419812,-1.060286625,1.49939517885,-2.99244378387,0.0,0.0,0.0
-1.51785766067,-0.624227388021,-0.506273419812,-1.060286625,1.49939517885,-2.99720378082,0.0,0.0,0.0
-1.51785766067,-0.629954244792,-0.506273419812,-1.060286625,1.49939517885,-3.00315381031,0.0,0.0,0.0
-1.51785766067,-0.634862979167,-0.506273419812,-1.060286625,1.49939517885,-3.00791380726,0.0,0.0,0.0
-1.51785766067,-0.639771713542,-0.506273419812,-1.060286625,1.49939517885,-3.01267380421,0.0,0.0,0.0
-1.51785766067,-0.645498570312,-0.506273419812,-1.060286625,1.49939517885,-3.01862370054,0.0,0.0,0.0
-1.51785766067,-0.650407304687,-0.506273419812,-1.060286625,1.49939517885,-3.02338369749,0.0,0.0,0.0
-1.51785766067,-0.655316039062,-0.506273419812,-1.060286625,1.49939517885,-3.02814369444,0.0,0.0,0.0
-1.51785766067,-0.660224773437,-0.506273419812,-1.060286625,1.49820514632,-3.0329036914,0.0,0.0,0.0
-1.51785766067,-0.670860364583,-0.506273419812,-1.060286625,1.49820514632,-3.03766368835,0.0,0.0,0.0
-1.51785766067,-0.675769098958,-0.506273419812,-1.060286625,1.49820514632,-3.04837371479,0.0,0.0,0.0
-1.51785766067,-0.680677833333,-0.506273419812,-1.06147652437,1.49820514632,-3.05432361111,0.0,0.0,0.0
-1.51785766067,-0.685586567708,-0.506273419812,-1.06147652437,1.49820514632,-3.05789357554,0.0,0.0,0.0
-1.51785766067,-0.690495302083,-0.506273419812,-1.06147652437,1.49820514632,-3.06384360502,0.0,0.0,0.0
-1.51785766067,-0.700312770833,-0.506273419812,-1.06147652437,1.49820514632,-3.06860360197,0.0,0.0,0.0
-1.51785766067,-0.704403382812,-0.506273419812,-1.0626665569,1.49820514632,-3.07812359588,0.0,0.0,0.0
-1.51785766067,-0.709312117187,-0.506273419812,-1.0626665569,1.49820514632,-3.08288359283,0.0,0.0,0.0
-1.51785766067,-0.713402729167,-0.506273419812,-1.0626665569,1.49820514632,-3.08764358979,0.0,0.0,0.0
-1.51785766067,-0.718311463542,-0.506273419812,-1.06385658943,1.49820514632,-3.09240358674,0.0,0.0,0.0
-1.51785766067,-0.727310809896,-0.506273419812,-1.06385658943,1.49820514632,-3.09716345054,0.0,0.0,0.0
-1.51785766067,-0.731401421875,-0.506273419812,-1.06385658943,1.49701524695,-3.10787347697,0.0,0.0,0.0
-1.51785766067,-0.73631015625,-0.506273419812,-1.06385658943,1.49582521443,-3.1114434414,0.0,0.0,0.0
-1.51785766067,-0.740400768229,-0.506273419812,-1.06385658943,1.49582521443,-3.11620343835,0.0,0.0,0.0
-1.51785766067,-0.744491380208,-0.506273419812,-1.0650464888,1.4946351819,-3.12096343531,0.0,0.0,0.0
-1.51785766067,-0.752672604167,-0.506273419812,-1.0650464888,1.4946351819,-3.12572343226,0.0,0.0,0.0
-1.51785766067,-0.757581338542,-0.506273419812,-1.0650464888,1.49225525,-3.13524342617,0.0,0.0,0.0
-1.51785766067,-0.761671950521,-0.506273419812,-1.0650464888,1.49106521747,-3.14000342312,0.0,0.0,0.0
-1.51785766067,-0.764944440104,-0.506273419812,-1.06623652132,1.48987518494,3.13960661245,0.0,0.0,0.0
-1.51785766067,-0.769035052083,-0.506273419812,-1.06623652132,1.48868515242,3.1348466155,0.0,0.0,0.0
-1.51785766067,-0.777216276042,-0.506273419812,-1.06623652132,1.48868515242,3.13008661855,0.0,0.0,0.0
-1.51785766067,-0.781306888021,-0.507235885417,-1.06742655385,1.48630522052,3.12175665717,0.0,0.0,0.0
-1.51785766067,-0.784579377604,-0.507235885417,-1.06742655385,1.48630522052,3.11699666021,0.0,0.0,0.0
-1.51785766067,-0.787851867187,-0.507235885417,-1.06742655385,1.48511518799,3.11342669579,0.0,0.0,0.0
-1.51785766067,-0.791124356771,-0.507235885417,-1.06742655385,1.48511518799,3.10985673136,0.0,0.0,0.0
-1.51785766067,-0.797669335937,-0.507235885417,-1.06742655385,1.48511518799,3.10509673441,0.0,0.0,0.0
-1.51785766067,-0.800123703125,-0.507235885417,-1.06861658638,1.48392528862,3.09676677303,0.0,0.0,0.0
-1.51785766067,-0.802578070313,-0.507235885417,-1.06861658638,1.48273525609,3.0931968086,0.0,0.0,0.0
-1.51785766067,-0.805850559896,-0.507235885417,-1.06980648575,1.48273525609,3.08843681165,0.0,0.0,0.0
-1.51785766067,-0.808304927083,-0.507235885417,-1.06980648575,1.48154522356,3.08605674659,0.0,0.0,0.0
-1.51785766067,-0.812395539062,-0.507235885417,-1.07099651828,1.48154522356,3.08129674964,0.0,0.0,0.0
-1.51785766067,-0.81484990625,-0.507235885417,-1.07099651828,1.48154522356,3.07415682079,0.0,0.0,0.0
-1.51785766067,-0.817304273437,-0.507235885417,-1.07099651828,1.48035519104,3.07177688889,0.0,0.0,0.0
-1.51785766067,-0.818940518229,-0.507235885417,-1.07218655081,1.48035519104,3.06820679131,0.0,0.0,0.0
-1.51785766067,-0.819758640625,-0.507235885417,-1.07218655081,1.48035519104,3.06463682688,0.0,0.0,0.0
-1.51785766067,-0.821394885417,-0.507235885417,-1.07337658333,1.48035519104,3.06106686245,0.0,0.0,0.0
-1.51785766067,-0.823031130208,-0.507235885417,-1.07337658333,1.47916529167,3.05868693056,0.0,0.0,0.0
-1.51785766067,-0.823849252604,-0.507235885417,-1.07337658333,1.47916529167,3.05511683297,0.0,0.0,0.0
-1.51785766067,-0.824667375,-0.507235885417,-1.0745664827,1.47916529167,3.05273690107,0.0,0.0,0.0
-1.51785766067,-0.826303619792,-0.507235885417,-1.0745664827,1.47916529167,3.05035696918,0.0,0.0,0.0
-1.51785766067,-0.827121742188,-0.507235885417,-1.0745664827,1.47797525914,3.04440693969,0.0,0.0,0.0
-1.51785766067,-0.827121742188,-0.507235885417,-1.0745664827,1.47797525914,3.04440693969,0.0,0.0,0.0
-1.51785766067,-0.827121742188,-0.507235885417,-1.07575651523,1.47797525914,3.03964694274,0.0,0.0,0.0
-1.51785766067,-0.827121742188,-0.507235885417,-1.07575651523,1.47797525914,3.03726701084,0.0,0.0,0.0
-1.51785766067,-0.827121742188,-0.507235885417,-1.07575651523,1.47797525914,3.03488694579,0.0,0.0,0.0
-1.51785766067,-0.827121742188,-0.507235885417,-1.07694654776,1.47797525914,3.03131698136,0.0,0.0,0.0
-1.51882012628,-0.827121742188,-0.507235885417,-1.07813644713,1.47678522661,3.03012694883,0.0,0.0,0.0
-1.51882012628,-0.827121742188,-0.507235885417,-1.07813644713,1.47678522661,3.02774701694,0.0,0.0,0.0
-1.51882012628,-0.827121742188,-0.507235885417,-1.07813644713,1.47678522661,3.02655698441,0.0,0.0,0.0
-1.51882012628,-0.827121742188,-0.507235885417,-1.07813644713,1.47678522661,3.02536695188,0.0,0.0,0.0
-1.51882012628,-0.827121742188,-0.507235885417,-1.07932647966,1.47678522661,3.02417705251,0.0,0.0,0.0
-1.51978259188,-0.827121742188,-0.507235885417,-1.07932647966,1.47678522661,3.02298701998,0.0,0.0,0.0
-1.51978259188,-0.827121742188,-0.507235885417,-1.08051651218,1.47678522661,3.02060695493,0.0,0.0,0.0
-1.52074519065,-0.827121742188,-0.507235885417,-1.08051651218,1.47678522661,3.01941705556,0.0,0.0,0.0
-1.52074519065,-0.827121742188,-0.507235885417,-1.08051651218,1.47678522661,3.01941705556,0.0,0.0,0.0
-1.52074519065,-0.827121742188,-0.507235885417,-1.08170654471,1.47678522661,3.01822702303,0.0,0.0,0.0
-1.52170765625,-0.826303619792,-0.507235885417,-1.08170654471,1.47678522661,3.01822702303,0.0,0.0,0.0
-1.52170765625,-0.825485497396,-0.508198351022,-1.08170654471,1.47678522661,3.0170369905,0.0,0.0,0.0
-1.52170765625,-0.823849252604,-0.508198351022,-1.08170654471,1.47678522661,3.0170369905,0.0,0.0,0.0
-1.52267012185,-0.823031130208,-0.508198351022,-1.08289644408,1.47678522661,3.0170369905,0.0,0.0,0.0
-1.52267012185,-0.821394885417,-0.508198351022,-1.08289644408,1.47678522661,3.0170369905,0.0,0.0,0.0
-1.52363258746,-0.818122395833,-0.509160949785,-1.08289644408,1.47678522661,3.0170369905,0.0,0.0,0.0
-1.52363258746,-0.815668028646,-0.51012341539,-1.08289644408,1.47678522661,3.0170369905,0.0,0.0,0.0
-1.52363258746,-0.814031783854,-0.51012341539,-1.08408647661,1.47678522661,3.0170369905,0.0,0.0,0.0
-1.52459518622,-0.811577416667,-0.511085880995,-1.08408647661,1.47678522661,3.0170369905,0.0,0.0,0.0
-1.52459518622,-0.809941171875,-0.511085880995,-1.08408647661,1.47678522661,3.0170369905,0.0,0.0,0.0
-1.52555765183,-0.805850559896,-0.5120483466,-1.08408647661,1.47678522661,3.0170369905,0.0,0.0,0.0
-1.52555765183,-0.803396192708,-0.513010945363,-1.08408647661,1.47678522661,3.0170369905,0.0,0.0,0.0
-1.52652011743,-0.800941825521,-0.513973410968,-1.08527650914,1.47678522661,3.0170369905,0.0,0.0,0.0
-1.52652011743,-0.798487458333,-0.513973410968,-1.08527650914,1.47678522661,3.0170369905,0.0,0.0,0.0
-1.52652011743,-0.796851213542,-0.514935876573,-1.08527650914,1.47678522661,3.0170369905,0.0,0.0,0.0
-1.52748258304,-0.791942479167,-0.514935876573,-1.08527650914,1.47678522661,3.0170369905,0.0,0.0,0.0
-1.5284451818,-0.788669989583,-0.516860807782,-1.08527650914,1.47678522661,3.0170369905,0.0,0.0,0.0
-1.5284451818,-0.786215622396,-0.516860807782,-1.08527650914,1.47678522661,3.0170369905,0.0,0.0,0.0
-1.52940764741,-0.782943132813,-0.517823406545,-1.08527650914,1.47678522661,3.01822702303,0.0,0.0,0.0
-1.52940764741,-0.779670643229,-0.51878587215,-1.08527650914,1.47678522661,3.01822702303,0.0,0.0,0.0
-1.53037011301,-0.773125664062,-0.51878587215,-1.08527650914,1.47678522661,3.01822702303,0.0,0.0,0.0
-1.53037011301,-0.769853174479,-0.52071080336,-1.08527650914,1.47678522661,3.02060695493,0.0,0.0,0.0
-1.53133257862,-0.7657625625,-0.52071080336,-1.08527650914,1.47678522661,3.02060695493,0.0,0.0,0.0
-1.53133257862,-0.7657625625,-0.521673402123,-1.08527650914,1.47678522661,3.02179698745,0.0,0.0,0.0
-1.53133257862,-0.758399460937,-0.522635867728,-1.08527650914,1.47678522661,3.02179698745,0.0,0.0,0.0
-1.53133257862,-0.758399460937,-0.523598333333,-1.08527650914,1.47678522661,3.02298701998,0.0,0.0,0.0
-1.53229504422,-0.751036359375,-0.523598333333,-1.08527650914,1.47678522661,3.02298701998,0.0,0.0,0.0
-1.53229504422,-0.747763869792,-0.525523397701,-1.08527650914,1.47678522661,3.02417705251,0.0,0.0,0.0
-1.53229504422,-0.743673257813,-0.525523397701,-1.08527650914,1.47678522661,3.02417705251,0.0,0.0,0.0
-1.53229504422,-0.740400768229,-0.525523397701,-1.08527650914,1.47678522661,3.02417705251,0.0,0.0,0.0
-1.53325764298,-0.73631015625,-0.526485863306,-1.08527650914,1.47678522661,3.02417705251,0.0,0.0,0.0
-1.53325764298,-0.733037666667,-0.527448328911,-1.08527650914,1.47678522661,3.02536695188,0.0,0.0,0.0
-1.53325764298,-0.729765177083,-0.528410794516,-1.08527650914,1.47678522661,3.02536695188,0.0,0.0,0.0
-1.53422010859,-0.721583953125,-0.529373393279,-1.08527650914,1.47678522661,3.02655698441,0.0,0.0,0.0
-1.53422010859,-0.718311463542,-0.531298324489,-1.08527650914,1.47678522661,3.02774701694,0.0,0.0,0.0
-1.53518257419,-0.714220851562,-0.532260790094,-1.08527650914,1.47678522661,3.02893691631,0.0,0.0,0.0
-1.53518257419,-0.710130239583,-0.533223255699,-1.08527650914,1.47678522661,3.03012694883,0.0,0.0,0.0
-1.53518257419,-0.70685775,-0.534185854462,-1.08527650914,1.47678522661,3.03131698136,0.0,0.0,0.0
-1.5361450398,-0.698676526042,-0.536110785672,-1.08527650914,1.47678522661,3.03250701389,0.0,0.0,0.0
-1.53710763856,-0.693767791667,-0.53803585004,-1.08527650914,1.47678522661,3.03488694579,0.0,0.0,0.0
-1.53710763856,-0.689677179687,-0.538998315645,-1.08527650914,1.47678522661,3.03607697831,0.0,0.0,0.0
-1.53710763856,-0.685586567708,-0.53996078125,-1.08527650914,1.47678522661,3.03726701084,0.0,0.0,0.0
-1.53807010417,-0.680677833333,-0.540923246855,-1.08527650914,1.47678522661,3.03845691021,0.0,0.0,0.0
-1.53903256977,-0.671678486979,-0.541885845618,-1.08527650914,1.47678522661,3.03964694274,0.0,0.0,0.0
-1.53903256977,-0.666769752604,-0.544773242433,-1.08527650914,1.47678522661,3.04321690717,0.0,0.0,0.0
-1.53999503538,-0.661861018229,-0.545735841196,-1.08527650914,1.47678522661,3.04440693969,0.0,0.0,0.0
-1.53999503538,-0.656952283854,-0.546698306801,-1.08527650914,1.47678522661,3.04559697222,0.0,0.0,0.0
-1.53999503538,-0.652043549479,-0.547660772406,-1.08527650914,1.47678522661,3.04678687159,0.0,0.0,0.0
-1.54095763414,-0.641407958333,-0.548623238011,-1.08527650914,1.47678522661,3.04797690412,0.0,0.0,0.0
-1.54192009974,-0.636499223958,-0.551510767984,-1.08527650914,1.47678522661,3.05154686855,0.0,0.0,0.0
-1.54192009974,-0.631590489583,-0.552473233589,-1.08527650914,1.47678522661,3.05273690107,0.0,0.0,0.0
-1.54288256535,-0.625863632813,-0.554398297957,-1.08527650914,1.47678522661,3.05511683297,0.0,0.0,0.0
-1.54288256535,-0.620136776042,-0.555360763562,-1.08527650914,1.47678522661,3.0563068655,0.0,0.0,0.0
-1.54384503095,-0.609501184896,-0.556323229167,-1.08527650914,1.47678522661,3.05749689803,0.0,0.0,0.0
-1.54384503095,-0.603774328125,-0.55921075914,-1.08527650914,1.47678522661,3.06106686245,0.0,0.0,0.0
-1.54480762972,-0.598047471354,-0.56113569035,-1.08527650914,1.47678522661,3.06344692751,0.0,0.0,0.0
-1.54480762972,-0.592320614583,-0.562098289113,-1.08527650914,1.47678522661,3.06463682688,0.0,0.0,0.0
-1.54480762972,-0.586593757813,-0.564023220323,-1.08527650914,1.47678522661,3.06701689194,0.0,0.0,0.0
-1.54577009532,-0.574321921875,-0.564985685927,-1.08527650914,1.47678522661,3.06820679131,0.0,0.0,0.0
-1.54577009532,-0.568595065104,-0.5678732159,-1.08527650914,1.47678522661,3.07296678826,0.0,0.0,0.0
-1.54673256093,-0.562868208333,-0.568835681505,-1.08527650914,1.47678522661,3.07415682079,0.0,0.0,0.0
-1.54673256093,-0.557141351562,-0.570760745873,-1.08527650914,1.47678522661,3.07653688584,0.0,0.0,0.0
-1.54673256093,-0.551414494792,-0.571723211478,-1.08527650914,1.47678522661,3.07891681774,0.0,0.0,0.0
-1.54769502653,-0.53996078125,-0.573648142688,-1.08527650914,1.47678522661,3.08010685027,0.0,0.0,0.0
-1.54769502653,-0.533415802083,-0.576535672661,-1.08527650914,1.47678522661,3.08486684722,0.0,0.0,0.0
-1.54769502653,-0.527688945312,-0.578460737029,-1.08527650914,1.47678522661,3.08605674659,0.0,0.0,0.0
-1.54769502653,-0.521962088542,-0.580385668239,-1.08527650914,1.47678522661,3.08843681165,0.0,0.0,0.0
-1.54769502653,-0.516235231771,-0.582310599449,-1.08527650914,1.47678522661,3.08962684418,0.0,0.0,0.0
-1.54769502653,-0.510508375,-0.584235663817,-1.08527650914,1.47678522661,3.09200677607,0.0,0.0,0.0
-1.54769502653,-0.504781518229,-0.586160595027,-1.08527650914,1.47678522661,3.09438670797,0.0,0.0,0.0
-1.54769502653,-0.499054661458,-0.58712319379,-1.08527650914,1.47678522661,3.0955767405,0.0,0.0,0.0
-1.54865749214,-0.493327804687,-0.589048125,-1.08408647661,1.47678522661,3.09795680556,0.0,0.0,0.0
-1.54865749214,-0.487600947917,-0.590973189368,-1.08408647661,1.47678522661,3.10033673745,0.0,0.0,0.0
-1.54865749214,-0.482692213542,-0.592898120578,-1.08408647661,1.47678522661,3.10152676998,0.0,0.0,0.0
-1.54865749214,-0.4712385,-0.593860586183,-1.08408647661,1.47678522661,3.10271680251,0.0,0.0,0.0
-1.54865749214,-0.466329765625,-0.596748116156,-1.08289644408,1.47678522661,3.10628676694,0.0,0.0,0.0
-1.54865749214,-0.460602908854,-0.598673047366,-1.08289644408,1.47678522661,3.10866669883,0.0,0.0,0.0
-1.54865749214,-0.454876052083,-0.600598111734,-1.08289644408,1.47678522661,3.10985673136,0.0,0.0,0.0
-1.54865749214,-0.449967317708,-0.602523042944,-1.08289644408,1.47678522661,3.11104676389,0.0,0.0,0.0
-1.5496200909,-0.444240460937,-0.603485641707,-1.08289644408,1.47678522661,3.11223666326,0.0,0.0,0.0
-1.5496200909,-0.438513604167,-0.605410572917,-1.08170654471,1.47678522661,3.11461672831,0.0,0.0,0.0
-1.5496200909,-0.427878013021,-0.607335637285,-1.08170654471,1.47678522661,3.11580676084,0.0,0.0,0.0
-1.5496200909,-0.422969278646,-0.611185632863,-1.08170654471,1.47678522661,3.11937672527,0.0,0.0,0.0
-1.5496200909,-0.417242421875,-0.613110564073,-1.08170654471,1.47678522661,3.1205667578,0.0,0.0,0.0
-1.5496200909,-0.4123336875,-0.615035495282,-1.08170654471,1.47678522661,3.12175665717,0.0,0.0,0.0
-1.5496200909,-0.406606830729,-0.615998094045,-1.08170654471,1.47678522661,3.12294668969,0.0,0.0,0.0
-1.55058255651,-0.395971239583,-0.617923025255,-1.08170654471,1.47678522661,3.12413672222,0.0,0.0,0.0
-1.55058255651,-0.391062505208,-0.621773020833,-1.08051651218,1.47678522661,3.12770668665,0.0,0.0,0.0
-1.55058255651,-0.385335648438,-0.623698085201,-1.08051651218,1.47678522661,3.12889671918,0.0,0.0,0.0
-1.55058255651,-0.380426914062,-0.625623016411,-1.08051651218,1.47678522661,3.13008661855,0.0,0.0,0.0
-1.55058255651,-0.375518179688,-0.627548080779,-1.08051651218,1.47678522661,3.13127665107,0.0,0.0,0.0
-1.55058255651,-0.364882588542,-0.629473011989,-1.07932647966,1.47678522661,3.1324666836,0.0,0.0,0.0
-1.55058255651,-0.359973854167,-0.633323007567,-1.07932647966,1.47678522661,3.1348466155,0.0,0.0,0.0
-1.55058255651,-0.355065119792,-0.635247938777,-1.07932647966,1.47678522661,3.13603664803,0.0,0.0,0.0
-1.55058255651,-0.350156385417,-0.637173003145,-1.07932647966,1.47678522661,3.13603664803,0.0,0.0,0.0
-1.55154502211,-0.345247651042,-0.63813546875,-1.07932647966,1.47559519408,3.13722668056,0.0,0.0,0.0
-1.55154502211,-0.334612059896,-0.641985464328,-1.07813644713,1.47559519408,3.13960661245,0.0,0.0,0.0
-1.55154502211,-0.329703325521,-0.643910528696,-1.07813644713,1.47559519408,3.14079664498,0.0,0.0,0.0
-1.55154502211,-0.324794591146,-0.645835459906,-1.07813644713,1.47559519408,3.14079664498,0.0,0.0,0.0
-1.55250748772,-0.320703979167,-0.647760391116,-1.07813644713,1.47559519408,-3.14119332249,0.0,0.0,0.0
-1.55250748772,-0.315795244792,-0.649685455484,-1.07813644713,1.47559519408,-3.14000342312,0.0,0.0,0.0
-1.55250748772,-0.306795898437,-0.654497916667,-1.07694654776,1.47559519408,-3.13881339059,0.0,0.0,0.0
-1.55250748772,-0.301887164062,-0.656422981035,-1.07694654776,1.47559519408,-3.13762335806,0.0,0.0,0.0
-1.55347008648,-0.297796552083,-0.658347912245,-1.07575651523,1.47559519408,-3.13762335806,0.0,0.0,0.0
-1.55347008648,-0.292887817708,-0.660272976613,-1.07575651523,1.47559519408,-3.13643332554,0.0,0.0,0.0
-1.55347008648,-0.288797205729,-0.662197907823,-1.07575651523,1.47559519408,-3.13643332554,0.0,0.0,0.0
-1.55347008648,-0.280615981771,-0.667010502163,-1.07575651523,1.47678522661,-3.13524342617,0.0,0.0,0.0
-1.55347008648,-0.276525369792,-0.668935433373,-1.07575651523,1.47678522661,-3.13524342617,0.0,0.0,0.0
-1.55347008648,-0.272434757812,-0.670860364583,-1.0745664827,1.47678522661,-3.13524342617,0.0,0.0,0.0
-1.55443255208,-0.268344145833,-0.672785295793,-1.0745664827,1.47797525914,-3.13524342617,0.0,0.0,0.0
-1.55443255208,-0.264253533854,-0.674710493319,-1.0745664827,1.47916529167,-3.13405339364,0.0,0.0,0.0
-1.55443255208,-0.256890432292,-0.679522821344,-1.0745664827,1.48154522356,-3.13405339364,0.0,0.0,0.0
-1.55443255208,-0.253617942708,-0.681447752554,-1.0745664827,1.48392528862,-3.13405339364,0.0,0.0,0.0
-1.55443255208,-0.250345453125,-0.684335415685,-1.07337658333,1.48630522052,-3.13405339364,0.0,0.0,0.0
-1.55443255208,-0.247072963542,-0.686260346895,-1.07337658333,1.48868515242,-3.13405339364,0.0,0.0,0.0
-1.55443255208,-0.243800473958,-0.688185278105,-1.07337658333,1.49106521747,-3.13405339364,0.0,0.0,0.0
-1.55443255208,-0.241346106771,-0.691072941236,-1.07218655081,1.49344514937,-3.13405339364,0.0,0.0,0.0
-1.55443255208,-0.238073617187,-0.692997872446,-1.07218655081,1.49582521443,-3.13405339364,0.0,0.0,0.0
-1.55443255208,-0.23561925,-0.694922803656,-1.07218655081,1.49820514632,-3.13405339364,0.0,0.0,0.0
-1.55443255208,-0.233164882812,-0.697810200471,-1.07099651828,1.50058521138,-3.13405339364,0.0,0.0,0.0
-1.55443255208,-0.229074270833,-0.702622794812,-1.07099651828,1.50415517581,-3.13405339364,0.0,0.0,0.0
-1.55443255208,-0.227438026042,-0.704547726022,-1.07099651828,1.50534520833,-3.13405339364,0.0,0.0,0.0
-1.55443255208,-0.224983658854,-0.707435389153,-1.06980648575,1.50772514023,-3.13405339364,0.0,0.0,0.0
-1.55443255208,-0.223347414062,-0.709360320363,-1.06980648575,1.50891517276,-3.13405339364,0.0,0.0,0.0
-1.55443255208,-0.221711169271,-0.711285251573,-1.06861658638,1.51129510466,-3.13405339364,0.0,0.0,0.0
-1.55443255208,-0.220074924479,-0.714172648387,-1.06861658638,1.51248513718,-3.13524342617,0.0,0.0,0.0
-1.55443255208,-0.219256802083,-0.716097845913,-1.06742655385,1.51486506908,-3.13524342617,0.0,0.0,0.0
-1.55443255208,-0.217620557292,-0.718022777123,-1.06742655385,1.51724513414,-3.13524342617,0.0,0.0,0.0
-1.55443255208,-0.216802434896,-0.720910173938,-1.06742655385,1.51843516667,-3.13524342617,0.0,0.0,0.0
-1.55443255208,-0.215166190104,-0.724760302674,-1.06623652132,1.52200513109,-3.13643332554,0.0,0.0,0.0
-1.55443255208,-0.214348067708,-0.727647699489,-1.06623652132,1.52319516362,-3.13643332554,0.0,0.0,0.0
-1.55443255208,-0.214348067708,-0.729572630699,-1.0650464888,1.52438506299,-3.13762335806,0.0,0.0,0.0
-1.55443255208,-0.214348067708,-0.731497561909,-1.0650464888,1.52557509552,-3.13881339059,0.0,0.0,0.0
-1.55443255208,-0.214348067708,-0.733422759435,-1.0650464888,1.52795502742,-3.14000342312,0.0,0.0,0.0
-1.55443255208,-0.214348067708,-0.737272621855,-1.06385658943,1.53033509247,3.14079664498,0.0,0.0,0.0
-1.55443255208,-0.214348067708,-0.739197553065,-1.06385658943,1.531525125,3.13960661245,0.0,0.0,0.0
-1.55443255208,-0.214348067708,-0.741122750591,-1.0626665569,1.5339050569,3.13841657993,0.0,0.0,0.0
-1.55443255208,-0.215166190104,-0.743047681801,-1.0626665569,1.53509508943,3.13722668056,0.0,0.0,0.0
-1.55443255208,-0.2159843125,-0.744972613011,-1.0626665569,1.53628512195,3.13603664803,0.0,0.0,0.0
-1.55443255208,-0.216802434896,-0.748822741747,-1.06147652437,1.53985508638,3.13127665107,0.0,0.0,0.0
-1.55443255208,-0.217620557292,-0.750747672957,-1.06147652437,1.54104498575,3.13008661855,0.0,0.0,0.0
-1.55443255208,-0.218438679687,-0.752672604167,-1.060286625,1.54223501828,3.12770668665,0.0,0.0,0.0
-1.55443255208,-0.220074924479,-0.753635069772,-1.060286625,1.54342505081,3.12532662159,0.0,0.0,0.0
-1.55443255208,-0.220893046875,-0.755560000982,-1.060286625,1.54461508333,3.12294668969,0.0,0.0,0.0
-1.55443255208,-0.224165536458,-0.758447664113,-1.060286625,1.54699501523,3.11818669274,0.0,0.0,0.0
-1.55443255208,-0.22580178125,-0.759410129718,-1.060286625,1.54818504776,3.11461672831,0.0,0.0,0.0
-1.55443255208,-0.227438026042,-0.760372595323,-1.060286625,1.54937508029,3.11223666326,0.0,0.0,0.0
-1.55443255208,-0.229074270833,-0.762297526532,-1.060286625,1.55056497966,3.10985673136,0.0,0.0,0.0
-1.55443255208,-0.231528638021,-0.763259992137,-1.060286625,1.55056497966,3.10628676694,0.0,0.0,0.0
-1.55443255208,-0.23561925,-0.765185189663,-1.060286625,1.55294504471,3.10033673745,0.0,0.0,0.0
-1.55443255208,-0.238073617187,-0.766147655268,-1.060286625,1.55413494408,3.09676677303,0.0,0.0,0.0
-1.55443255208,-0.240527984375,-0.767110120873,-1.060286625,1.55532497661,3.0931968086,0.0,0.0,0.0
-1.55443255208,-0.243800473958,-0.768072586478,-1.060286625,1.55532497661,3.08962684418,0.0,0.0,0.0
-1.55443255208,-0.246254841146,-0.769035052083,-1.060286625,1.55651500914,3.08605674659,0.0,0.0,0.0
-1.55443255208,-0.252799820312,-0.770959983293,-1.060286625,1.55889494104,3.07891681774,0.0,0.0,0.0
-1.55443255208,-0.2552541875,-0.771922448898,-1.060286625,1.55889494104,3.07534685331,0.0,0.0,0.0
-1.55443255208,-0.258526677083,-0.772885180819,-1.060286625,1.56008497356,3.07177688889,0.0,0.0,0.0
-1.55443255208,-0.261799166667,-0.773847646424,-1.060286625,1.56127500609,3.06701689194,0.0,0.0,0.0
-1.55443255208,-0.265889778646,-0.773847646424,-1.060286625,1.56127500609,3.06344692751,0.0,0.0,0.0
-1.55443255208,-0.272434757812,-0.775772577634,-1.060286625,1.56365493799,3.05511683297,0.0,0.0,0.0
-1.55443255208,-0.276525369792,-0.775772577634,-1.060286625,1.56365493799,3.05035696918,0.0,0.0,0.0
-1.55443255208,-0.279797859375,-0.776735043239,-1.060286625,1.56484497052,3.04678687159,0.0,0.0,0.0
-1.55443255208,-0.283888471354,-0.776735043239,-1.060286625,1.56484497052,3.04202687464,0.0,0.0,0.0
-1.55443255208,-0.287979083333,-0.776735043239,-1.060286625,1.56603500305,3.03726701084,0.0,0.0,0.0
-1.55443255208,-0.291251572917,-0.777697508844,-1.05909659247,1.56722490242,3.03369691326,0.0,0.0,0.0
-1.55443255208,-0.295342184896,-0.777697508844,-1.05909659247,1.56722490242,3.02893691631,0.0,0.0,0.0
-1.55443255208,-0.300250919271,-0.777697508844,-1.05909659247,1.56841493494,3.02417705251,0.0,0.0,0.0
-1.55443255208,-0.30434153125,-0.777697508844,-1.05909659247,1.56841493494,3.02060695493,0.0,0.0,0.0
-1.55443255208,-0.312522755208,-0.778659974449,-1.05909659247,1.56960496747,3.01227699355,0.0,0.0,0.0
-1.55443255208,-0.315795244792,-0.778659974449,-1.05909659247,1.56960496747,3.00751699659,0.0,0.0,0.0
-1.55443255208,-0.320703979167,-0.778659974449,-1.05909659247,1.56960496747,3.00275699964,0.0,0.0,0.0
-1.55347008648,-0.324794591146,-0.778659974449,-1.05909659247,1.56960496747,2.99918703521,0.0,0.0,0.0
-1.55347008648,-0.328885203125,-0.778659974449,-1.05909659247,1.570795,2.99442703826,0.0,0.0,0.0
-1.55347008648,-0.337884549479,-0.778659974449,-1.05909659247,1.57198489937,2.98490717751,0.0,0.0,0.0
-1.55347008648,-0.342793283854,-0.778659974449,-1.05909659247,1.57198489937,2.98133707993,0.0,0.0,0.0
-1.55347008648,-0.347702018229,-0.778659974449,-1.05909659247,1.5731749319,2.97657708297,0.0,0.0,0.0
-1.55347008648,-0.351792630208,-0.778659974449,-1.05909659247,1.5731749319,2.97181721918,0.0,0.0,0.0
-1.55347008648,-0.356701364583,-0.778659974449,-1.05909659247,1.5731749319,2.96705722222,0.0,0.0,0.0
-1.55250748772,-0.366518833333,-0.778659974449,-1.05909659247,1.57436496443,2.95753722831,0.0,0.0,0.0
-1.55250748772,-0.371427567708,-0.778659974449,-1.05909659247,1.57436496443,2.95277723136,0.0,0.0,0.0
-1.55250748772,-0.376336302083,-0.778659974449,-1.05909659247,1.57555499695,2.94801723441,0.0,0.0,0.0
-1.55250748772,-0.381245036458,-0.778659974449,-1.05909659247,1.57555499695,2.94325723745,0.0,0.0,0.0
-1.55154502211,-0.391880627604,-0.778659974449,-1.05909659247,1.57674489632,2.93492727607,0.0,0.0,0.0
-1.55154502211,-0.396789361979,-0.778659974449,-1.05909659247,1.57674489632,2.93016727912,0.0,0.0,0.0
-1.55154502211,-0.401698096354,-0.778659974449,-1.05909659247,1.57793492885,2.92540728217,0.0,0.0,0.0
-1.55154502211,-0.407424953125,-0.778659974449,-1.05909659247,1.57793492885,2.92064728521,0.0,0.0,0.0
-1.55154502211,-0.4123336875,-0.778659974449,-1.05909659247,1.57793492885,2.91588728826,0.0,0.0,0.0
-1.55058255651,-0.422969278646,-0.778659974449,-1.05909659247,1.57912496138,2.90636742751,0.0,0.0,0.0
-1.55058255651,-0.427878013021,-0.778659974449,-1.05909659247,1.58031486075,2.90160743056,0.0,0.0,0.0
-1.55058255651,-0.432786747396,-0.778659974449,-1.05909659247,1.58031486075,2.8968474336,0.0,0.0,0.0
-1.55058255651,-0.438513604167,-0.778659974449,-1.05909659247,1.58031486075,2.89208743665,0.0,0.0,0.0
-1.5496200909,-0.444240460937,-0.778659974449,-1.05909659247,1.58150489328,2.88732743969,0.0,0.0,0.0
-1.5496200909,-0.454876052083,-0.778659974449,-1.060286625,1.58269492581,2.87780744579,0.0,0.0,0.0
-1.5496200909,-0.459784786458,-0.778659974449,-1.060286625,1.58269492581,2.87304744883,0.0,0.0,0.0
-1.5496200909,-0.465511643229,-0.778659974449,-1.060286625,1.58269492581,2.86828745188,0.0,0.0,0.0
-1.5496200909,-0.470420377604,-0.777697508844,-1.060286625,1.58388495833,2.86352745493,0.0,0.0,0.0
-1.5496200909,-0.475329111979,-0.777697508844,-1.060286625,1.58388495833,2.8599574905,0.0,0.0,0.0
-1.54865749214,-0.485964703125,-0.777697508844,-1.060286625,1.5850748577,2.85043749659,0.0,0.0,0.0
-1.54865749214,-0.4908734375,-0.777697508844,-1.060286625,1.5850748577,2.84567749964,0.0,0.0,0.0
-1.54865749214,-0.495782171875,-0.777697508844,-1.060286625,1.58626489023,2.84091763584,0.0,0.0,0.0
-1.54865749214,-0.50069090625,-0.777697508844,-1.060286625,1.58626489023,2.83615763889,0.0,0.0,0.0
-1.54865749214,-0.505599640625,-0.777697508844,-1.060286625,1.58626489023,2.83139764194,0.0,0.0,0.0
-1.54865749214,-0.514598986979,-0.776735043239,-1.060286625,1.58745492276,2.82306768056,0.0,0.0,0.0
-1.54865749214,-0.519507721354,-0.776735043239,-1.06147652437,1.58745492276,2.8183076836,0.0,0.0,0.0
-1.54865749214,-0.523598333333,-0.775772577634,-1.06147652437,1.58864495529,2.81354768665,0.0,0.0,0.0
-1.54865749214,-0.527688945312,-0.775772577634,-1.06147652437,1.58864495529,2.80997772222,0.0,0.0,0.0
-1.54865749214,-0.532597679688,-0.775772577634,-1.06147652437,1.58864495529,2.80521772527,0.0,0.0,0.0
-1.54865749214,-0.540778903646,-0.774810112029,-1.06147652437,1.58983485466,2.79569773136,0.0,0.0,0.0
-1.54865749214,-0.544869515625,-0.774810112029,-1.0626665569,1.59102488718,2.79212776694,0.0,0.0,0.0
-1.54865749214,-0.548960127604,-0.773847646424,-1.0626665569,1.59102488718,2.78736776998,0.0,0.0,0.0
-1.54865749214,-0.553050739583,-0.773847646424,-1.0626665569,1.59102488718,2.78260777303,0.0,0.0,0.0
-1.54865749214,-0.557141351562,-0.773847646424,-1.0626665569,1.59221491971,2.77784777607,0.0,0.0,0.0
-1.54865749214,-0.561231963542,-0.773847646424,-1.0626665569,1.59221491971,2.77427781165,0.0,0.0,0.0
-1.54865749214,-0.564504453125,-0.772885180819,-1.06385658943,1.59340481908,2.76951781469,0.0,0.0,0.0
-1.54865749214,-0.567776942708,-0.772885180819,-1.06385658943,1.59340481908,2.76594785027,0.0,0.0,0.0
-1.54865749214,-0.571867554687,-0.772885180819,-1.06385658943,1.59340481908,2.76237788584,0.0,0.0,0.0
-1.54865749214,-0.57923065625,-0.771922448898,-1.06385658943,1.59459485161,2.75404779131,0.0,0.0,0.0
-1.54865749214,-0.581685023437,-0.770959983293,-1.06385658943,1.59459485161,2.75047782688,0.0,0.0,0.0
-1.54865749214,-0.584957513021,-0.770959983293,-1.06385658943,1.59578488414,2.74690786245,0.0,0.0,0.0
-1.54865749214,-0.587411880208,-0.770959983293,-1.0650464888,1.59578488414,2.74333789803,0.0,0.0,0.0
-1.54865749214,-0.592320614583,-0.769997517688,-1.0650464888,1.59578488414,2.74095783297,0.0,0.0,0.0
-1.54865749214,-0.594774981771,-0.769035052083,-1.0650464888,1.59697491667,2.73381790412,0.0,0.0,0.0
-1.54865749214,-0.597229348958,-0.769035052083,-1.06623652132,1.59816481604,2.73024793969,0.0,0.0,0.0
-1.54865749214,-0.59886559375,-0.769035052083,-1.06623652132,1.59816481604,2.72786787464,0.0,0.0,0.0
-1.54865749214,-0.602138083333,-0.768072586478,-1.06623652132,1.59935484856,2.72191797831,0.0,0.0,0.0
-1.54865749214,-0.603774328125,-0.768072586478,-1.06742655385,1.59935484856,2.71834801389,0.0,0.0,0.0
-1.54865749214,-0.605410572917,-0.768072586478,-1.06742655385,1.59935484856,2.71715798136,0.0,0.0,0.0
-1.54865749214,-0.607046817708,-0.768072586478,-1.06742655385,1.60054488109,2.71477791631,0.0,0.0,0.0
-1.54865749214,-0.607864940104,-0.768072586478,-1.06742655385,1.60054488109,2.71239798441,0.0,0.0,0.0
-1.54865749214,-0.610319307292,-0.767110120873,-1.06742655385,1.60173491362,2.70763798745,0.0,0.0,0.0
-1.54865749214,-0.611955552083,-0.767110120873,-1.06742655385,1.60292481299,2.70525805556,0.0,0.0,0.0
-1.54865749214,-0.612773674479,-0.767110120873,-1.06742655385,1.60292481299,2.70406802303,0.0,0.0,0.0
-1.54865749214,-0.614409919271,-0.767110120873,-1.06861658638,1.60411484552,2.70168795797,0.0,0.0,0.0
-1.54865749214,-0.615228041667,-0.766147655268,-1.06861658638,1.60530487805,2.69930802607,0.0,0.0,0.0
-1.54865749214,-0.616864286458,-0.766147655268,-1.06861658638,1.60649477742,2.69692796102,0.0,0.0,0.0
-1.54865749214,-0.617682408854,-0.766147655268,-1.06861658638,1.60768480994,2.69454802912,0.0,0.0,0.0
-1.54865749214,-0.61850053125,-0.765185189663,-1.06861658638,1.60768480994,2.69335799659,0.0,0.0,0.0
-1.54865749214,-0.619318653646,-0.765185189663,-1.06861658638,1.60887484247,2.69335799659,0.0,0.0,0.0
-1.54865749214,-0.620136776042,-0.765185189663,-1.06861658638,1.610064875,2.69216809722,0.0,0.0,0.0
-1.54865749214,-0.620136776042,-0.765185189663,-1.06980648575,1.6124448069,2.69097806469,0.0,0.0,0.0
-1.54865749214,-0.620136776042,-0.765185189663,-1.06980648575,1.6124448069,2.68978803217,0.0,0.0,0.0
-1.54865749214,-0.620136776042,-0.765185189663,-1.06980648575,1.61363483943,2.68859799964,0.0,0.0,0.0
-1.54865749214,-0.620136776042,-0.765185189663,-1.06980648575,1.61482487195,2.68859799964,0.0,0.0,0.0
-1.54865749214,-0.620136776042,-0.764222457742,-1.07099651828,1.61720480385,2.68740810027,0.0,0.0,0.0
-1.54865749214,-0.620136776042,-0.764222457742,-1.07099651828,1.61720480385,2.68621806774,0.0,0.0,0.0
-1.54865749214,-0.620136776042,-0.764222457742,-1.07099651828,1.61839483638,2.68621806774,0.0,0.0,0.0
-1.54865749214,-0.620136776042,-0.764222457742,-1.07099651828,1.61958473575,2.68621806774,0.0,0.0,0.0
-1.54865749214,-0.620136776042,-0.763259992137,-1.07099651828,1.62077476828,2.68621806774,0.0,0.0,0.0
-1.54865749214,-0.620136776042,-0.763259992137,-1.07099651828,1.62315483333,2.68621806774,0.0,0.0,0.0
-1.54865749214,-0.620136776042,-0.763259992137,-1.07099651828,1.6243447327,2.68621806774,0.0,0.0,0.0
-1.54865749214,-0.620136776042,-0.763259992137,-1.07099651828,1.62553476523,2.68502803521,0.0,0.0,0.0
-1.54865749214,-0.620136776042,-0.763259992137,-1.07099651828,1.62672479776,2.68502803521,0.0,0.0,0.0
-1.54865749214,-0.620136776042,-0.762297526532,-1.07099651828,1.62791483029,2.68502803521,0.0,0.0,0.0
-1.54865749214,-0.620136776042,-0.762297526532,-1.07099651828,1.62910472966,2.68502803521,0.0,0.0,0.0
-1.54865749214,-0.620136776042,-0.762297526532,-1.07099651828,1.63029476218,2.68502803521,0.0,0.0,0.0
-1.54865749214,-0.620136776042,-0.762297526532,-1.07099651828,1.63267469408,2.68502803521,0.0,0.0,0.0
-1.54865749214,-0.620136776042,-0.762297526532,-1.07099651828,1.63267469408,2.68502803521,0.0,0.0,0.0
-1.54865749214,-0.620136776042,-0.762297526532,-1.07099651828,1.63386472661,2.68502803521,0.0,0.0,0.0
-1.54865749214,-0.620136776042,-0.762297526532,-1.07099651828,1.63505475914,2.68502803521,0.0,0.0,0.0
-1.54769502653,-0.620136776042,-0.762297526532,-1.07099651828,1.63624479167,2.68502803521,0.0,0.0,0.0
-1.54769502653,-0.620136776042,-0.762297526532,-1.07099651828,1.63743469104,2.68502803521,0.0,0.0,0.0
-1.54769502653,-0.620136776042,-0.762297526532,-1.07099651828,1.63862472356,2.68502803521,0.0,0.0,0.0
-1.54769502653,-0.620136776042,-0.762297526532,-1.07099651828,1.63862472356,2.68502803521,0.0,0.0,0.0
-1.54769502653,-0.620136776042,-0.762297526532,-1.07099651828,1.64100478862,2.68502803521,0.0,0.0,0.0
-1.54769502653,-0.620136776042,-0.762297526532,-1.07218655081,1.64219468799,2.68502803521,0.0,0.0,0.0
-1.54769502653,-0.620136776042,-0.762297526532,-1.07218655081,1.64219468799,2.68502803521,0.0,0.0,0.0
-1.54769502653,-0.620136776042,-0.762297526532,-1.07218655081,1.64338472052,2.68502803521,0.0,0.0,0.0
-1.54769502653,-0.620136776042,-0.762297526532,-1.07218655081,1.64457475305,2.68502803521,0.0,0.0,0.0
-1.54769502653,-0.620136776042,-0.761335060927,-1.07218655081,1.64576465242,2.68502803521,0.0,0.0,0.0
-1.54769502653,-0.620136776042,-0.761335060927,-1.07218655081,1.64576465242,2.68502803521,0.0,0.0,0.0
-1.54769502653,-0.620136776042,-0.761335060927,-1.07337658333,1.64695468494,2.68502803521,0.0,0.0,0.0
-1.54769502653,-0.620954898437,-0.761335060927,-1.07337658333,1.64814471747,2.68383800268,0.0,0.0,0.0
-1.54769502653,-0.620954898437,-0.761335060927,-1.07337658333,1.64933475,2.68383800268,0.0,0.0,0.0
-1.54769502653,-0.620954898437,-0.761335060927,-1.07337658333,1.65052464937,2.68383800268,0.0,0.0,0.0
-1.54769502653,-0.621773020833,-0.760372595323,-1.07337658333,1.65052464937,2.68264810331,0.0,0.0,0.0
-1.54769502653,-0.621773020833,-0.760372595323,-1.07337658333,1.6517146819,2.68264810331,0.0,0.0,0.0
-1.54769502653,-0.622591143229,-0.760372595323,-1.07337658333,1.65409474695,2.68264810331,0.0,0.0,0.0
-1.54769502653,-0.622591143229,-0.760372595323,-1.07337658333,1.65409474695,2.68264810331,0.0,0.0,0.0
-1.54769502653,-0.623409265625,-0.760372595323,-1.07337658333,1.65528464632,2.68264810331,0.0,0.0,0.0
-1.54769502653,-0.623409265625,-0.760372595323,-1.07337658333,1.65647467885,2.68264810331,0.0,0.0,0.0
-1.54769502653,-0.623409265625,-0.760372595323,-1.07337658333,1.65647467885,2.68264810331,0.0,0.0,0.0
-1.54769502653,-0.624227388021,-0.760372595323,-1.07337658333,1.65885461075,2.68145807079,0.0,0.0,0.0
-1.54769502653,-0.624227388021,-0.760372595323,-1.07337658333,1.65885461075,2.68145807079,0.0,0.0,0.0
-1.54769502653,-0.624227388021,-0.760372595323,-1.07337658333,1.66004464328,2.68145807079,0.0,0.0,0.0
-1.54769502653,-0.624227388021,-0.760372595323,-1.07337658333,1.66004464328,2.68145807079,0.0,0.0,0.0
-1.54769502653,-0.625045510417,-0.760372595323,-1.07337658333,1.66242470833,2.68145807079,0.0,0.0,0.0
-1.54769502653,-0.625045510417,-0.760372595323,-1.07337658333,1.66242470833,2.68145807079,0.0,0.0,0.0
-1.54769502653,-0.625863632813,-0.760372595323,-1.07337658333,1.6636146077,2.68026803826,0.0,0.0,0.0
-1.54769502653,-0.625863632813,-0.760372595323,-1.07337658333,1.66480464023,2.68026803826,0.0,0.0,0.0
-1.54769502653,-0.626681755208,-0.760372595323,-1.07337658333,1.66480464023,2.68026803826,0.0,0.0,0.0
-1.54769502653,-0.627499877604,-0.760372595323,-1.07337658333,1.66718470529,2.68026803826,0.0,0.0,0.0
-1.54769502653,-0.627499877604,-0.760372595323,-1.07337658333,1.66837460466,2.67907813889,0.0,0.0,0.0
-1.54769502653,-0.628318,-0.760372595323,-1.07337658333,1.66837460466,2.67907813889,0.0,0.0,0.0
-1.54769502653,-0.629136122396,-0.760372595323,-1.07337658333,1.66956463718,2.67907813889,0.0,0.0,0.0
-1.54769502653,-0.629136122396,-0.760372595323,-1.07337658333,1.67075466971,2.67907813889,0.0,0.0,0.0
-1.54769502653,-0.629954244792,-0.760372595323,-1.07337658333,1.67194456908,2.67907813889,0.0,0.0,0.0
-1.54769502653,-0.629954244792,-0.760372595323,-1.07337658333,1.67194456908,2.67907813889,0.0,0.0,0.0
-1.54769502653,-0.630772367187,-0.760372595323,-1.07337658333,1.67313460161,2.67788810636,0.0,0.0,0.0
-1.54769502653,-0.630772367187,-0.760372595323,-1.07337658333,1.67432463414,2.67788810636,0.0,0.0,0.0
-1.54769502653,-0.630772367187,-0.760372595323,-1.07337658333,1.67432463414,2.67788810636,0.0,0.0,0.0
-1.54769502653,-0.631590489583,-0.760372595323,-1.07337658333,1.67670456604,2.67788810636,0.0,0.0,0.0
-1.54769502653,-0.631590489583,-0.760372595323,-1.07337658333,1.67670456604,2.67788810636,0.0,0.0,0.0
-1.54769502653,-0.632408611979,-0.760372595323,-1.07337658333,1.67670456604,2.67669807383,0.0,0.0,0.0
-1.54769502653,-0.632408611979,-0.760372595323,-1.07337658333,1.67789459856,2.67669807383,0.0,0.0,0.0
-1.54769502653,-0.632408611979,-0.760372595323,-1.07337658333,1.67789459856,2.67669807383,0.0,0.0,0.0
-1.54769502653,-0.633226734375,-0.760372595323,-1.07337658333,1.67789459856,2.67669807383,0.0,0.0,0.0
-1.54769502653,-0.633226734375,-0.760372595323,-1.07337658333,1.67908463109,2.67669807383,0.0,0.0,0.0
-1.54769502653,-0.633226734375,-0.760372595323,-1.07337658333,1.67908463109,2.67669807383,0.0,0.0,0.0
-1.54769502653,-0.633226734375,-0.760372595323,-1.07337658333,1.68027466362,2.67550804131,0.0,0.0,0.0
-1.54769502653,-0.633226734375,-0.760372595323,-1.07337658333,1.68146456299,2.67550804131,0.0,0.0,0.0
-1.54769502653,-0.634044856771,-0.760372595323,-1.07337658333,1.68146456299,2.67550804131,0.0,0.0,0.0
-1.54769502653,-0.634044856771,-0.760372595323,-1.07337658333,1.68265459552,2.67550804131,0.0,0.0,0.0
-1.54769502653,-0.634044856771,-0.760372595323,-1.07337658333,1.68265459552,2.67550804131,0.0,0.0,0.0
-1.54769502653,-0.634862979167,-0.759410129718,-1.07337658333,1.68384462805,2.67550804131,0.0,0.0,0.0
-1.54769502653,-0.634862979167,-0.759410129718,-1.07337658333,1.68384462805,2.67550804131,0.0,0.0,0.0
-1.54769502653,-0.634862979167,-0.759410129718,-1.07337658333,1.68384462805,2.67550804131,0.0,0.0,0.0
-1.54769502653,-0.634862979167,-0.759410129718,-1.07337658333,1.68503452742,2.67550804131,0.0,0.0,0.0
-1.54769502653,-0.635681101562,-0.759410129718,-1.07337658333,1.68503452742,2.67431814194,0.0,0.0,0.0
-1.54769502653,-0.635681101562,-0.759410129718,-1.07337658333,1.68622455994,2.67431814194,0.0,0.0,0.0
-1.54769502653,-0.635681101562,-0.759410129718,-1.07337658333,1.68622455994,2.67431814194,0.0,0.0,0.0
-1.54769502653,-0.635681101562,-0.759410129718,-1.07337658333,1.68741459247,2.67431814194,0.0,0.0,0.0
-1.54769502653,-0.635681101562,-0.759410129718,-1.07337658333,1.68741459247,2.67312810941,0.0,0.0,0.0
-1.54769502653,-0.635681101562,-0.759410129718,-1.07337658333,1.68741459247,2.67312810941,0.0,0.0,0.0
-1.54769502653,-0.636499223958,-0.759410129718,-1.07337658333,1.688604625,2.67312810941,0.0,0.0,0.0
-1.54769502653,-0.636499223958,-0.759410129718,-1.07337658333,1.688604625,2.67312810941,0.0,0.0,0.0
-1.54769502653,-0.636499223958,-0.759410129718,-1.07337658333,1.688604625,2.67312810941,0.0,0.0,0.0
-1.54769502653,-0.636499223958,-0.759410129718,-1.07337658333,1.68979452437,2.67312810941,0.0,0.0,0.0
-1.54769502653,-0.636499223958,-0.759410129718,-1.07337658333,1.68979452437,2.67193807688,0.0,0.0,0.0
-1.54769502653,-0.636499223958,-0.759410129718,-1.0745664827,1.6909845569,2.67193807688,0.0,0.0,0.0
-1.54769502653,-0.637317346354,-0.759410129718,-1.0745664827,1.6909845569,2.67193807688,0.0,0.0,0.0
-1.54769502653,-0.637317346354,-0.759410129718,-1.0745664827,1.6909845569,2.67193807688,0.0,0.0,0.0
-1.54769502653,-0.637317346354,-0.759410129718,-1.0745664827,1.69217458943,2.67193807688,0.0,0.0,0.0
-1.54769502653,-0.637317346354,-0.759410129718,-1.0745664827,1.69217458943,2.67193807688,0.0,0.0,0.0
-1.54865749214,-0.637317346354,-0.759410129718,-1.0745664827,1.69217458943,2.67193807688,0.0,0.0,0.0
-1.54865749214,-0.637317346354,-0.758447664113,-1.07575651523,1.69336462195,2.67193807688,0.0,0.0,0.0
-1.54865749214,-0.637317346354,-0.758447664113,-1.07575651523,1.69336462195,2.67193807688,0.0,0.0,0.0
-1.54865749214,-0.637317346354,-0.758447664113,-1.07694654776,1.69336462195,2.67193807688,0.0,0.0,0.0
-1.54865749214,-0.637317346354,-0.758447664113,-1.07694654776,1.69455452132,2.67193807688,0.0,0.0,0.0
-1.54865749214,-0.637317346354,-0.757485198508,-1.07694654776,1.69455452132,2.67193807688,0.0,0.0,0.0
-1.54865749214,-0.636499223958,-0.757485198508,-1.07813644713,1.69574455385,2.67193807688,0.0,0.0,0.0
-1.54865749214,-0.636499223958,-0.757485198508,-1.07813644713,1.69574455385,2.67193807688,0.0,0.0,0.0
-1.54865749214,-0.636499223958,-0.756522732903,-1.07813644713,1.69574455385,2.67193807688,0.0,0.0,0.0
-1.54865749214,-0.635681101562,-0.756522732903,-1.07813644713,1.69574455385,2.67193807688,0.0,0.0,0.0
-1.54865749214,-0.634862979167,-0.756522732903,-1.07932647966,1.69574455385,2.67193807688,0.0,0.0,0.0
-1.54865749214,-0.634862979167,-0.755560000982,-1.07932647966,1.69574455385,2.67193807688,0.0,0.0,0.0
-1.54865749214,-0.634044856771,-0.755560000982,-1.08051651218,1.69693458638,2.67193807688,0.0,0.0,0.0
-1.54865749214,-0.633226734375,-0.754597535377,-1.08170654471,1.69693458638,2.67193807688,0.0,0.0,0.0
-1.54865749214,-0.632408611979,-0.754597535377,-1.08170654471,1.69693458638,2.67193807688,0.0,0.0,0.0
-1.54865749214,-0.630772367187,-0.753635069772,-1.08289644408,1.69693458638,2.67193807688,0.0,0.0,0.0
-1.54865749214,-0.629954244792,-0.752672604167,-1.08289644408,1.69693458638,2.67193807688,0.0,0.0,0.0
-1.54865749214,-0.629136122396,-0.752672604167,-1.08289644408,1.69693458638,2.67193807688,0.0,0.0,0.0
-1.54865749214,-0.627499877604,-0.752672604167,-1.08289644408,1.69812448575,2.67193807688,0.0,0.0,0.0
-1.54865749214,-0.626681755208,-0.751710138562,-1.08408647661,1.69812448575,2.67193807688,0.0,0.0,0.0
-1.54865749214,-0.625045510417,-0.751710138562,-1.08527650914,1.69812448575,2.67193807688,0.0,0.0,0.0
-1.54865749214,-0.623409265625,-0.751710138562,-1.08527650914,1.69931451828,2.67193807688,0.0,0.0,0.0
-1.54865749214,-0.622591143229,-0.750747672957,-1.08646654167,1.69931451828,2.67193807688,0.0,0.0,0.0
-1.54865749214,-0.620954898437,-0.750747672957,-1.08646654167,1.69931451828,2.67312810941,0.0,0.0,0.0
-1.54865749214,-0.619318653646,-0.750747672957,-1.08646654167,1.70050455081,2.67312810941,0.0,0.0,0.0
-1.54865749214,-0.617682408854,-0.750747672957,-1.08884647356,1.70050455081,2.67550804131,0.0,0.0,0.0
-1.54865749214,-0.616046164063,-0.750747672957,-1.08884647356,1.70050455081,2.67669807383,0.0,0.0,0.0
-1.54865749214,-0.614409919271,-0.750747672957,-1.08884647356,1.70050455081,2.67788810636,0.0,0.0,0.0
-1.54865749214,-0.613591796875,-0.750747672957,-1.09003650609,1.70169458333,2.67907813889,0.0,0.0,0.0
-1.54865749214,-0.611955552083,-0.750747672957,-1.09003650609,1.70169458333,2.68026803826,0.0,0.0,0.0
-1.54865749214,-0.607864940104,-0.749785207352,-1.09122640546,1.7028844827,2.68383800268,0.0,0.0,0.0
-1.54865749214,-0.606228695313,-0.749785207352,-1.09241643799,1.7028844827,2.68502803521,0.0,0.0,0.0
-1.54865749214,-0.603774328125,-0.749785207352,-1.09241643799,1.7028844827,2.68621806774,0.0,0.0,0.0
-1.54865749214,-0.602138083333,-0.749785207352,-1.09241643799,1.70407451523,2.68859799964,0.0,0.0,0.0
-1.54865749214,-0.599683716146,-0.749785207352,-1.09241643799,1.70407451523,2.68978803217,0.0,0.0,0.0
-1.54865749214,-0.594774981771,-0.748822741747,-1.09360647052,1.70526454776,2.69335799659,0.0,0.0,0.0
-1.54865749214,-0.592320614583,-0.748822741747,-1.09479650305,1.70526454776,2.69573806165,0.0,0.0,0.0
-1.54865749214,-0.589048125,-0.748822741747,-1.09479650305,1.70645458029,2.69811799355,0.0,0.0,0.0
-1.54865749214,-0.585775635417,-0.748822741747,-1.09479650305,1.70645458029,2.7004980586,0.0,0.0,0.0
-1.54865749214,-0.583321268229,-0.748822741747,-1.09598640242,1.70645458029,2.7028779905,0.0,0.0,0.0
-1.54865749214,-0.575958166667,-0.748822741747,-1.09598640242,1.70883451218,2.70763798745,0.0,0.0,0.0
-1.54865749214,-0.572685677083,-0.748822741747,-1.09717643494,1.70883451218,2.71120795188,0.0,0.0,0.0
-1.54865749214,-0.5694131875,-0.748822741747,-1.09717643494,1.71002454471,2.71358801694,0.0,0.0,0.0
-1.54865749214,-0.565322575521,-0.748822741747,-1.09717643494,1.71002454471,2.71596794883,0.0,0.0,0.0
-1.54865749214,-0.562050085937,-0.748822741747,-1.09717643494,1.71002454471,2.71953791326,0.0,0.0,0.0
-1.54865749214,-0.553868861979,-0.748822741747,-1.09836646747,1.71240447661,2.72548794274,0.0,0.0,0.0
-1.54865749214,-0.550596372396,-0.747860009826,-1.09836646747,1.71240447661,2.72905790717,0.0,0.0,0.0
-1.54865749214,-0.546505760417,-0.747860009826,-1.09836646747,1.71240447661,2.73262787159,0.0,0.0,0.0
-1.54865749214,-0.542415148438,-0.747860009826,-1.0995565,1.71359450914,2.73500793665,0.0,0.0,0.0
-1.54865749214,-0.538324536458,-0.747860009826,-1.0995565,1.71359450914,2.73857790107,0.0,0.0,0.0
-1.54865749214,-0.534233924479,-0.747860009826,-1.0995565,1.71478454167,2.7421478655,0.0,0.0,0.0
-1.54865749214,-0.525234578125,-0.747860009826,-1.10074639937,1.71597444104,2.74928792751,0.0,0.0,0.0
-1.54865749214,-0.52032584375,-0.747860009826,-1.10074639937,1.71597444104,2.75285789194,0.0,0.0,0.0
-1.54865749214,-0.516235231771,-0.747860009826,-1.10074639937,1.71716447356,2.75642785636,0.0,0.0,0.0
-1.54865749214,-0.511326497396,-0.747860009826,-1.10074639937,1.71716447356,2.75999782079,0.0,0.0,0.0
-1.54865749214,-0.507235885417,-0.747860009826,-1.1019364319,1.71835450609,2.76356778521,0.0,0.0,0.0
-1.54865749214,-0.502327151042,-0.747860009826,-1.1019364319,1.71954453862,2.76832778217,0.0,0.0,0.0
-1.54865749214,-0.497418416667,-0.747860009826,-1.1019364319,1.71954453862,2.77189774659,0.0,0.0,0.0
-1.54865749214,-0.493327804687,-0.747860009826,-1.1019364319,1.72073443799,2.77546784418,0.0,0.0,0.0
-1.54865749214,-0.483510335937,-0.747860009826,-1.1019364319,1.72192447052,2.78379780556,0.0,0.0,0.0
-1.54865749214,-0.478601601563,-0.747860009826,-1.1019364319,1.72192447052,2.78736776998,0.0,0.0,0.0
-1.54865749214,-0.474510989583,-0.747860009826,-1.1019364319,1.72192447052,2.79093773441,0.0,0.0,0.0
-1.54865749214,-0.470420377604,-0.747860009826,-1.1019364319,1.72311450305,2.79450769883,0.0,0.0,0.0
-1.54865749214,-0.465511643229,-0.747860009826,-1.10312646443,1.72311450305,2.79807766326,0.0,0.0,0.0
-1.54865749214,-0.460602908854,-0.747860009826,-1.10312646443,1.72430453557,2.80164776084,0.0,0.0,0.0
-1.54865749214,-0.456512296875,-0.747860009826,-1.10312646443,1.72430453557,2.80521772527,0.0,0.0,0.0
-1.54865749214,-0.447512950521,-0.747860009826,-1.10312646443,1.72549443494,2.81354768665,0.0,0.0,0.0
-1.54865749214,-0.442604216146,-0.747860009826,-1.10312646443,1.72668446747,2.81711765107,0.0,0.0,0.0
-1.54865749214,-0.438513604167,-0.747860009826,-1.10312646443,1.72668446747,2.8206876155,0.0,0.0,0.0
-1.54865749214,-0.434422992187,-0.747860009826,-1.10312646443,1.72668446747,2.82425757993,0.0,0.0,0.0
-1.5496200909,-0.430332380208,-0.747860009826,-1.10312646443,1.72668446747,2.82782767751,0.0,0.0,0.0
-1.5496200909,-0.421333033854,-0.747860009826,-1.10312646443,1.7278745,2.83615763889,0.0,0.0,0.0
-1.5496200909,-0.417242421875,-0.747860009826,-1.10312646443,1.72906439937,2.83853757079,0.0,0.0,0.0
-1.5496200909,-0.413151809896,-0.747860009826,-1.10312646443,1.72906439937,2.84210753521,0.0,0.0,0.0
-1.5496200909,-0.409061197917,-0.747860009826,-1.10312646443,1.72906439937,2.84567749964,0.0,0.0,0.0
-1.5496200909,-0.404152463542,-0.747860009826,-1.10312646443,1.72906439937,2.84924759722,0.0,0.0,0.0
-1.5496200909,-0.396789361979,-0.748822741747,-1.10312646443,1.7302544319,2.85638752607,0.0,0.0,0.0
-1.5496200909,-0.39269875,-0.748822741747,-1.10312646443,1.73144446443,2.8599574905,0.0,0.0,0.0
-1.5496200909,-0.388608138021,-0.748822741747,-1.10312646443,1.73144446443,2.86352745493,0.0,0.0,0.0
-1.5496200909,-0.384517526042,-0.748822741747,-1.10312646443,1.73144446443,2.86709755251,0.0,0.0,0.0
-1.5496200909,-0.380426914062,-0.748822741747,-1.10312646443,1.73263449695,2.86947748441,0.0,0.0,0.0
-1.5496200909,-0.3730638125,-0.748822741747,-1.10312646443,1.73263449695,2.87661741326,0.0,0.0,0.0
-1.5496200909,-0.368973200521,-0.748822741747,-1.10312646443,1.73382439632,2.88018751084,0.0,0.0,0.0
-1.5496200909,-0.365700710938,-0.748822741747,-1.10312646443,1.73382439632,2.88375747527,0.0,0.0,0.0
-1.5496200909,-0.361610098958,-0.749785207352,-1.10312646443,1.73382439632,2.88613740717,0.0,0.0,0.0
-1.5496200909,-0.358337609375,-0.749785207352,-1.10312646443,1.73382439632,2.88970737159,0.0,0.0,0.0
-1.5496200909,-0.350974507813,-0.749785207352,-1.10312646443,1.73501442885,2.8968474336,0.0,0.0,0.0
-1.5496200909,-0.347702018229,-0.749785207352,-1.10312646443,1.73501442885,2.8992273655,0.0,0.0,0.0
-1.5496200909,-0.344429528646,-0.749785207352,-1.10312646443,1.73501442885,2.90279732993,0.0,0.0,0.0
-1.5496200909,-0.340338916667,-0.749785207352,-1.10312646443,1.73620446138,2.90517739498,0.0,0.0,0.0
-1.5496200909,-0.337884549479,-0.749785207352,-1.10312646443,1.73620446138,2.90874735941,0.0,0.0,0.0
-1.5496200909,-0.331339570312,-0.750747672957,-1.10312646443,1.73620446138,2.91469738889,0.0,0.0,0.0
-1.5496200909,-0.328067080729,-0.750747672957,-1.10312646443,1.73620446138,2.91707732079,0.0,0.0,0.0
-1.5496200909,-0.324794591146,-0.750747672957,-1.10312646443,1.73739449391,2.91945738584,0.0,0.0,0.0
-1.5496200909,-0.322340223958,-0.750747672957,-1.10312646443,1.73739449391,2.92183731774,0.0,0.0,0.0
-1.5496200909,-0.319885856771,-0.750747672957,-1.10312646443,1.73739449391,2.92540728217,0.0,0.0,0.0
-1.5496200909,-0.314159,-0.750747672957,-1.10312646443,1.73739449391,2.93016727912,0.0,0.0,0.0
-1.5496200909,-0.311704632812,-0.750747672957,-1.10312646443,1.73858439328,2.93254734418,0.0,0.0,0.0
-1.5496200909,-0.309250265625,-0.750747672957,-1.10312646443,1.73858439328,2.93492727607,0.0,0.0,0.0
-1.5496200909,-0.309250265625,-0.750747672957,-1.10312646443,1.73858439328,2.93492727607,0.0,0.0,0.0
-1.5496200909,-0.305159653646,-0.750747672957,-1.10312646443,1.73858439328,2.93968727303,0.0,0.0,0.0
-1.5496200909,-0.302705286458,-0.750747672957,-1.10312646443,1.73858439328,2.94087730556,0.0,0.0,0.0
-1.5496200909,-0.301069041667,-0.750747672957,-1.10312646443,1.73858439328,2.94325723745,0.0,0.0,0.0
-1.5496200909,-0.297796552083,-0.750747672957,-1.10312646443,1.73858439328,2.94682720188,0.0,0.0,0.0
-1.5496200909,-0.296160307292,-0.751710138562,-1.10312646443,1.73858439328,2.94801723441,0.0,0.0,0.0
-1.5496200909,-0.2945240625,-0.751710138562,-1.10312646443,1.73858439328,2.94920726694,0.0,0.0,0.0
-1.5496200909,-0.293705940104,-0.751710138562,-1.10312646443,1.73858439328,2.95039716631,0.0,0.0,0.0
-1.5496200909,-0.292887817708,-0.751710138562,-1.10312646443,1.73858439328,2.95277723136,0.0,0.0,0.0
-1.5496200909,-0.291251572917,-0.751710138562,-1.10312646443,1.73858439328,2.95515716326,0.0,0.0,0.0
-1.5496200909,-0.290433450521,-0.751710138562,-1.10312646443,1.73858439328,2.95634719579,0.0,0.0,0.0
-1.5496200909,-0.290433450521,-0.751710138562,-1.10312646443,1.73858439328,2.95753722831,0.0,0.0,0.0
-1.5496200909,-0.289615328125,-0.751710138562,-1.10312646443,1.73977442581,2.95872726084,0.0,0.0,0.0
-1.5496200909,-0.288797205729,-0.751710138562,-1.10312646443,1.73977442581,2.95991716021,0.0,0.0,0.0
-1.5496200909,-0.287979083333,-0.751710138562,-1.10312646443,1.73977442581,2.96110719274,0.0,0.0,0.0
-1.5496200909,-0.287979083333,-0.751710138562,-1.10312646443,1.73977442581,2.96110719274,0.0,0.0,0.0
-1.5496200909,-0.287160960937,-0.751710138562,-1.10312646443,1.73977442581,2.96229722527,0.0,0.0,0.0
-1.5496200909,-0.287160960937,-0.751710138562,-1.10312646443,1.73977442581,2.96229722527,0.0,0.0,0.0
-1.5496200909,-0.286342838542,-0.751710138562,-1.10312646443,1.73977442581,2.96348712464,0.0,0.0,0.0
-1.5496200909,-0.286342838542,-0.751710138562,-1.10312646443,1.73977442581,2.96348712464,0.0,0.0,0.0
-1.5496200909,-0.286342838542,-0.751710138562,-1.10312646443,1.73977442581,2.96348712464,0.0,0.0,0.0
-1.5496200909,-0.286342838542,-0.751710138562,-1.10312646443,1.73977442581,2.96467715717,0.0,0.0,0.0
-1.5496200909,-0.286342838542,-0.751710138562,-1.10312646443,1.73977442581,2.96467715717,0.0,0.0,0.0
-1.5496200909,-0.286342838542,-0.751710138562,-1.10312646443,1.73977442581,2.96467715717,0.0,0.0,0.0
-1.5496200909,-0.286342838542,-0.751710138562,-1.10312646443,1.73977442581,2.96467715717,0.0,0.0,0.0
-1.5496200909,-0.286342838542,-0.751710138562,-1.10312646443,1.73977442581,2.96467715717,0.0,0.0,0.0
-1.5496200909,-0.287160960937,-0.751710138562,-1.10312646443,1.73977442581,2.96467715717,0.0,0.0,0.0
-1.5496200909,-0.287160960937,-0.751710138562,-1.10312646443,1.73977442581,2.96467715717,0.0,0.0,0.0
-1.5496200909,-0.287979083333,-0.751710138562,-1.10312646443,1.73977442581,2.96467715717,0.0,0.0,0.0
-1.5496200909,-0.287979083333,-0.751710138562,-1.10312646443,1.73977442581,2.96467715717,0.0,0.0,0.0
-1.5496200909,-0.287979083333,-0.751710138562,-1.10312646443,1.73977442581,2.96467715717,0.0,0.0,0.0
-1.5496200909,-0.288797205729,-0.751710138562,-1.10312646443,1.73977442581,2.96467715717,0.0,0.0,0.0
-1.5496200909,-0.289615328125,-0.751710138562,-1.10312646443,1.73977442581,2.96467715717,0.0,0.0,0.0
-1.5496200909,-0.289615328125,-0.751710138562,-1.10312646443,1.73977442581,2.96467715717,0.0,0.0,0.0
-1.5496200909,-0.289615328125,-0.751710138562,-1.10312646443,1.73977442581,2.96467715717,0.0,0.0,0.0
-1.5496200909,-0.289615328125,-0.751710138562,-1.10312646443,1.73977442581,2.96467715717,0.0,0.0,0.0
-1.5496200909,-0.290433450521,-0.751710138562,-1.10312646443,1.73977442581,2.96467715717,0.0,0.0,0.0
-1.5496200909,-0.290433450521,-0.751710138562,-1.10312646443,1.73977442581,2.96467715717,0.0,0.0,0.0
-1.5496200909,-0.290433450521,-0.751710138562,-1.10312646443,1.73977442581,2.96467715717,0.0,0.0,0.0
-1.5496200909,-0.290433450521,-0.751710138562,-1.10312646443,1.73977442581,2.96467715717,0.0,0.0,0.0
-1.5496200909,-0.291251572917,-0.751710138562,-1.10312646443,1.73977442581,2.96467715717,0.0,0.0,0.0
-1.5496200909,-0.292069695312,-0.750747672957,-1.10312646443,1.73977442581,2.96467715717,0.0,0.0,0.0
-1.5496200909,-0.292069695312,-0.750747672957,-1.10312646443,1.73977442581,2.96467715717,0.0,0.0,0.0
-1.5496200909,-0.292887817708,-0.750747672957,-1.10312646443,1.73977442581,2.96467715717,0.0,0.0,0.0
-1.5496200909,-0.292887817708,-0.750747672957,-1.10312646443,1.73977442581,2.96467715717,0.0,0.0,0.0
-1.5496200909,-0.293705940104,-0.750747672957,-1.10312646443,1.73977442581,2.96467715717,0.0,0.0,0.0
-1.5496200909,-0.2945240625,-0.750747672957,-1.10312646443,1.73977442581,2.96467715717,0.0,0.0,0.0
-1.5496200909,-0.2945240625,-0.750747672957,-1.10312646443,1.73977442581,2.96467715717,0.0,0.0,0.0
-1.5496200909,-0.2945240625,-0.750747672957,-1.10312646443,1.73977442581,2.96467715717,0.0,0.0,0.0
-1.5496200909,-0.295342184896,-0.750747672957,-1.10312646443,1.73977442581,2.96467715717,0.0,0.0,0.0
-1.5496200909,-0.295342184896,-0.750747672957,-1.10312646443,1.73977442581,2.96467715717,0.0,0.0,0.0
-1.5496200909,-0.295342184896,-0.750747672957,-1.10312646443,1.73977442581,2.96467715717,0.0,0.0,0.0
-1.5496200909,-0.295342184896,-0.750747672957,-1.10312646443,1.73977442581,2.96467715717,0.0,0.0,0.0
-1.5496200909,-0.295342184896,-0.750747672957,-1.10312646443,1.73977442581,2.96467715717,0.0,0.0,0.0
-1.5496200909,-0.295342184896,-0.750747672957,-1.10312646443,1.73977442581,2.96467715717,0.0,0.0,0.0
-1.5496200909,-0.295342184896,-0.749785207352,-1.10312646443,1.73977442581,2.96467715717,0.0,0.0,0.0
-1.5496200909,-0.295342184896,-0.749785207352,-1.10312646443,1.73977442581,2.96467715717,0.0,0.0,0.0
-1.5496200909,-0.295342184896,-0.749785207352,-1.10312646443,1.73977442581,2.96467715717,0.0,0.0,0.0
-1.5496200909,-0.295342184896,-0.748822741747,-1.10312646443,1.73977442581,2.96467715717,0.0,0.0,0.0
-1.5496200909,-0.295342184896,-0.748822741747,-1.10312646443,1.73977442581,2.96467715717,0.0,0.0,0.0
-1.5496200909,-0.296160307292,-0.748822741747,-1.10312646443,1.73977442581,2.96467715717,0.0,0.0,0.0
-1.5496200909,-0.296160307292,-0.748822741747,-1.10312646443,1.73977442581,2.96467715717,0.0,0.0,0.0
-1.5496200909,-0.296160307292,-0.747860009826,-1.10312646443,1.73977442581,2.96467715717,0.0,0.0,0.0
-1.5496200909,-0.296160307292,-0.747860009826,-1.10312646443,1.73977442581,2.96467715717,0.0,0.0,0.0
-1.5496200909,-0.296160307292,-0.747860009826,-1.10312646443,1.73977442581,2.96467715717,0.0,0.0,0.0
-1.5496200909,-0.296160307292,-0.747860009826,-1.10312646443,1.73977442581,2.96467715717,0.0,0.0,0.0
-1.5496200909,-0.296978429687,-0.747860009826,-1.10312646443,1.73977442581,2.96467715717,0.0,0.0,0.0
-1.5496200909,-0.296978429687,-0.747860009826,-1.10312646443,1.73977442581,2.96467715717,0.0,0.0,0.0
-1.5496200909,-0.297796552083,-0.747860009826,-1.10312646443,1.73977442581,2.96467715717,0.0,0.0,0.0
-1.5496200909,-0.297796552083,-0.747860009826,-1.10312646443,1.73977442581,2.96467715717,0.0,0.0,0.0
-1.5496200909,-0.298614674479,-0.747860009826,-1.10312646443,1.73977442581,2.96467715717,0.0,0.0,0.0
-1.5496200909,-0.298614674479,-0.747860009826,-1.10312646443,1.73977442581,2.96467715717,0.0,0.0,0.0
-1.5496200909,-0.298614674479,-0.747860009826,-1.10312646443,1.73977442581,2.96467715717,0.0,0.0,0.0
-1.5496200909,-0.298614674479,-0.747860009826,-1.10312646443,1.73977442581,2.96467715717,0.0,0.0,0.0
-1.5496200909,-0.299432796875,-0.746897544221,-1.10312646443,1.73977442581,2.96467715717,0.0,0.0,0.0
-1.5496200909,-0.299432796875,-0.746897544221,-1.10312646443,1.73977442581,2.96467715717,0.0,0.0,0.0
-1.5496200909,-0.299432796875,-0.746897544221,-1.10312646443,1.73977442581,2.96467715717,0.0,0.0,0.0
-1.5496200909,-0.299432796875,-0.746897544221,-1.10312646443,1.73977442581,2.96467715717,0.0,0.0,0.0
-1.5496200909,-0.299432796875,-0.746897544221,-1.10312646443,1.73977442581,2.96467715717,0.0,0.0,0.0
-1.5496200909,-0.299432796875,-0.746897544221,-1.10312646443,1.73977442581,2.96467715717,0.0,0.0,0.0
-1.5496200909,-0.299432796875,-0.746897544221,-1.10312646443,1.73977442581,2.96467715717,0.0,0.0,0.0
-1.5496200909,-0.299432796875,-0.746897544221,-1.10312646443,1.73977442581,2.96467715717,0.0,0.0,0.0
-1.5496200909,-0.300250919271,-0.745935078616,-1.10312646443,1.73977442581,2.96467715717,0.0,0.0,0.0
-1.5496200909,-0.300250919271,-0.745935078616,-1.10312646443,1.73977442581,2.96467715717,0.0,0.0,0.0
-1.5496200909,-0.300250919271,-0.745935078616,-1.10312646443,1.73977442581,2.96467715717,0.0,0.0,0.0
-1.5496200909,-0.300250919271,-0.745935078616,-1.10312646443,1.73977442581,2.96467715717,0.0,0.0,0.0
-1.5496200909,-0.300250919271,-0.745935078616,-1.10312646443,1.73977442581,2.96467715717,0.0,0.0,0.0
-1.5496200909,-0.300250919271,-0.745935078616,-1.10312646443,1.73977442581,2.96467715717,0.0,0.0,0.0
-1.5496200909,-0.300250919271,-0.745935078616,-1.10312646443,1.73977442581,2.96467715717,0.0,0.0,0.0
-1.5496200909,-0.300250919271,-0.745935078616,-1.10312646443,1.73977442581,2.96467715717,0.0,0.0,0.0
-1.5496200909,-0.301069041667,-0.745935078616,-1.10312646443,1.73977442581,2.96467715717,0.0,0.0,0.0
-1.5496200909,-0.301069041667,-0.745935078616,-1.10312646443,1.73977442581,2.96467715717,0.0,0.0,0.0
-1.5496200909,-0.301069041667,-0.745935078616,-1.10312646443,1.73977442581,2.96467715717,0.0,0.0,0.0
-1.5496200909,-0.301069041667,-0.745935078616,-1.10312646443,1.73977442581,2.96467715717,0.0,0.0,0.0
-1.5496200909,-0.301069041667,-0.745935078616,-1.10312646443,1.73977442581,2.96467715717,0.0,0.0,0.0
-1.5496200909,-0.301069041667,-0.745935078616,-1.10312646443,1.73977442581,2.96467715717,0.0,0.0,0.0
-1.5496200909,-0.301069041667,-0.745935078616,-1.10312646443,1.73977442581,2.96467715717,0.0,0.0,0.0
-1.5496200909,-0.301069041667,-0.745935078616,-1.10312646443,1.73977442581,2.96467715717,0.0,0.0,0.0
-1.5496200909,-0.301069041667,-0.745935078616,-1.10312646443,1.73977442581,2.96467715717,0.0,0.0,0.0
-1.5496200909,-0.301069041667,-0.745935078616,-1.10312646443,1.73977442581,2.96467715717,0.0,0.0,0.0
-1.5496200909,-0.301069041667,-0.745935078616,-1.10312646443,1.73977442581,2.96467715717,0.0,0.0,0.0
-1.5496200909,-0.301069041667,-0.745935078616,-1.10312646443,1.73977442581,2.96467715717,0.0,0.0,0.0
-1.5496200909,-0.301069041667,-0.745935078616,-1.10312646443,1.73977442581,2.96467715717,0.0,0.0,0.0
-1.5496200909,-0.301069041667,-0.745935078616,-1.10312646443,1.73977442581,2.96467715717,0.0,0.0,0.0
-1.5496200909,-0.301069041667,-0.745935078616,-1.10312646443,1.73977442581,2.96467715717,0.0,0.0,0.0
-1.5496200909,-0.301069041667,-0.745935078616,-1.10312646443,1.73977442581,2.96467715717,0.0,0.0,0.0
-1.5496200909,-0.301069041667,-0.745935078616,-1.10312646443,1.73977442581,2.96467715717,0.0,0.0,0.0
-1.5496200909,-0.301069041667,-0.745935078616,-1.10312646443,1.73977442581,2.96467715717,0.0,0.0,0.0
-1.5496200909,-0.301069041667,-0.745935078616,-1.10312646443,1.73977442581,2.96467715717,0.0,0.0,0.0
-1.5496200909,-0.301069041667,-0.745935078616,-1.10312646443,1.73977442581,2.96467715717,0.0,0.0,0.0
-1.5496200909,-0.301069041667,-0.745935078616,-1.10312646443,1.73977442581,2.96467715717,0.0,0.0,0.0
-1.5496200909,-0.301069041667,-0.745935078616,-1.10312646443,1.73977442581,2.96467715717,0.0,0.0,0.0
-1.5496200909,-0.301069041667,-0.745935078616,-1.10312646443,1.73977442581,2.96467715717,0.0,0.0,0.0
-1.5496200909,-0.301069041667,-0.745935078616,-1.10312646443,1.73977442581,2.96467715717,0.0,0.0,0.0
-1.5496200909,-0.301069041667,-0.745935078616,-1.10312646443,1.73977442581,2.96467715717,0.0,0.0,0.0
-1.5496200909,-0.301069041667,-0.745935078616,-1.10312646443,1.73977442581,2.96467715717,0.0,0.0,0.0
-1.5496200909,-0.301069041667,-0.744972613011,-1.10312646443,1.73977442581,2.96467715717,0.0,0.0,0.0
-1.5496200909,-0.301069041667,-0.744972613011,-1.10312646443,1.73977442581,2.96467715717,0.0,0.0,0.0
-1.5496200909,-0.301069041667,-0.744972613011,-1.10312646443,1.73977442581,2.96467715717,0.0,0.0,0.0
-1.5496200909,-0.301069041667,-0.744972613011,-1.10312646443,1.73977442581,2.96467715717,0.0,0.0,0.0
-1.5496200909,-0.301069041667,-0.744972613011,-1.10312646443,1.73977442581,2.96467715717,0.0,0.0,0.0
-1.5496200909,-0.301069041667,-0.744972613011,-1.10312646443,1.73977442581,2.96467715717,0.0,0.0,0.0
-1.5496200909,-0.301069041667,-0.744972613011,-1.10312646443,1.73977442581,2.96467715717,0.0,0.0,0.0
-1.5496200909,-0.301069041667,-0.744972613011,-1.10312646443,1.73977442581,2.96467715717,0.0,0.0,0.0
-1.5496200909,-0.301069041667,-0.744972613011,-1.10312646443,1.73977442581,2.96467715717,0.0,0.0,0.0
-1.5496200909,-0.301069041667,-0.744972613011,-1.10312646443,1.73977442581,2.96467715717,0.0,0.0,0.0
-1.5496200909,-0.301069041667,-0.744972613011,-1.10312646443,1.73977442581,2.96467715717,0.0,0.0,0.0
-1.5496200909,-0.301069041667,-0.744972613011,-1.10312646443,1.73977442581,2.96467715717,0.0,0.0,0.0
-1.5496200909,-0.301069041667,-0.744972613011,-1.10312646443,1.73977442581,2.96467715717,0.0,0.0,0.0
-1.5496200909,-0.301069041667,-0.744972613011,-1.10312646443,1.73977442581,2.96467715717,0.0,0.0,0.0
-1.5496200909,-0.301069041667,-0.744972613011,-1.10312646443,1.73977442581,2.96467715717,0.0,0.0,0.0
-1.5496200909,-0.301069041667,-0.744972613011,-1.10312646443,1.73977442581,2.96467715717,0.0,0.0,0.0
-1.5496200909,-0.301069041667,-0.744972613011,-1.10312646443,1.73977442581,2.96467715717,0.0,0.0,0.0
-1.5496200909,-0.301069041667,-0.744972613011,-1.10312646443,1.73977442581,2.96467715717,0.0,0.0,0.0
-1.5496200909,-0.301069041667,-0.744972613011,-1.10312646443,1.73977442581,2.96467715717,0.0,0.0,0.0
-1.5496200909,-0.301069041667,-0.744972613011,-1.10312646443,1.73977442581,2.96467715717,0.0,0.0,0.0
-1.5496200909,-0.301069041667,-0.744972613011,-1.10312646443,1.73977442581,2.96467715717,0.0,0.0,0.0
-1.5496200909,-0.301069041667,-0.744972613011,-1.10312646443,1.73977442581,2.96467715717,0.0,0.0,0.0
-1.5496200909,-0.301069041667,-0.744972613011,-1.10312646443,1.73977442581,2.96467715717,0.0,0.0,0.0
-1.5496200909,-0.301069041667,-0.744972613011,-1.10312646443,1.73977442581,2.96467715717,0.0,0.0,0.0
-1.5496200909,-0.301069041667,-0.744972613011,-1.10312646443,1.73977442581,2.96467715717,0.0,0.0,0.0
-1.5496200909,-0.301069041667,-0.744972613011,-1.10312646443,1.73977442581,2.96467715717,0.0,0.0,0.0
-1.5496200909,-0.301069041667,-0.744972613011,-1.10312646443,1.73977442581,2.96467715717,0.0,0.0,0.0
-1.5496200909,-0.301069041667,-0.744972613011,-1.10312646443,1.73977442581,2.96467715717,0.0,0.0,0.0
-1.5496200909,-0.301069041667,-0.744972613011,-1.10312646443,1.73977442581,2.96467715717,0.0,0.0,0.0
-1.5496200909,-0.301069041667,-0.744972613011,-1.10312646443,1.73977442581,2.96467715717,0.0,0.0,0.0
-1.5496200909,-0.301069041667,-0.744972613011,-1.10312646443,1.73977442581,2.96467715717,0.0,0.0,0.0
-1.5496200909,-0.301069041667,-0.744972613011,-1.10312646443,1.73977442581,2.96467715717,0.0,0.0,0.0
-1.5496200909,-0.301069041667,-0.744972613011,-1.10312646443,1.73977442581,2.96467715717,0.0,0.0,0.0
-1.5496200909,-0.301069041667,-0.744972613011,-1.10312646443,1.73977442581,2.96467715717,0.0,0.0,0.0
-1.5496200909,-0.301069041667,-0.744972613011,-1.10312646443,1.73977442581,2.96467715717,0.0,0.0,0.0
-1.5496200909,-0.301069041667,-0.744972613011,-1.10312646443,1.73977442581,2.96467715717,0.0,0.0,0.0
-1.5496200909,-0.301069041667,-0.744972613011,-1.10312646443,1.73977442581,2.96467715717,0.0,0.0,0.0
-1.5496200909,-0.301069041667,-0.744972613011,-1.10312646443,1.73977442581,2.96467715717,0.0,0.0,0.0
-1.5496200909,-0.301069041667,-0.744972613011,-1.10312646443,1.73977442581,2.96467715717,0.0,0.0,0.0
-1.5496200909,-0.301069041667,-0.744972613011,-1.10312646443,1.73977442581,2.96467715717,0.0,0.0,0.0
-1.5496200909,-0.301069041667,-0.744972613011,-1.10312646443,1.73977442581,2.96467715717,0.0,0.0,0.0
-1.5496200909,-0.301069041667,-0.744972613011,-1.10312646443,1.73977442581,2.96467715717,0.0,0.0,0.0
-1.5496200909,-0.301069041667,-0.744972613011,-1.10312646443,1.73977442581,2.96467715717,0.0,0.0,0.0
-1.5496200909,-0.301069041667,-0.744972613011,-1.10312646443,1.73977442581,2.96467715717,0.0,0.0,0.0
-1.5496200909,-0.301069041667,-0.744972613011,-1.10312646443,1.73977442581,2.96467715717,0.0,0.0,0.0
-1.5496200909,-0.301069041667,-0.744972613011,-1.10312646443,1.73977442581,2.96467715717,0.0,0.0,0.0
-1.5496200909,-0.301069041667,-0.744972613011,-1.10312646443,1.73977442581,2.96467715717,0.0,0.0,0.0
-1.5496200909,-0.301069041667,-0.744972613011,-1.10312646443,1.73977442581,2.96467715717,0.0,0.0,0.0
-1.5496200909,-0.301069041667,-0.744972613011,-1.10312646443,1.73977442581,2.96467715717,0.0,0.0,0.0
-1.5496200909,-0.301069041667,-0.744972613011,-1.10312646443,1.73977442581,2.96467715717,0.0,0.0,0.0
-1.5496200909,-0.301069041667,-0.744972613011,-1.10312646443,1.73977442581,2.96467715717,0.0,0.0,0.0
-1.5496200909,-0.301069041667,-0.744972613011,-1.10312646443,1.73977442581,2.96467715717,0.0,0.0,0.0
-1.5496200909,-0.301069041667,-0.744972613011,-1.10312646443,1.73977442581,2.96467715717,0.0,0.0,0.0
-1.5496200909,-0.301069041667,-0.744972613011,-1.10312646443,1.73977442581,2.96467715717,0.0,0.0,0.0
-1.5496200909,-0.301069041667,-0.744972613011,-1.10312646443,1.73977442581,2.96467715717,0.0,0.0,0.0
-1.5496200909,-0.301069041667,-0.744972613011,-1.10312646443,1.73977442581,2.96467715717,0.0,0.0,0.0
-1.5496200909,-0.301069041667,-0.744972613011,-1.10312646443,1.73977442581,2.96467715717,0.0,0.0,0.0
-1.5496200909,-0.301069041667,-0.744972613011,-1.10312646443,1.73977442581,2.96467715717,0.0,0.0,0.0
-1.5496200909,-0.301069041667,-0.744972613011,-1.10312646443,1.73977442581,2.96467715717,0.0,0.0,0.0
-1.5496200909,-0.301069041667,-0.744972613011,-1.10312646443,1.73977442581,2.96467715717,0.0,0.0,0.0
-1.5496200909,-0.301069041667,-0.744972613011,-1.10312646443,1.73977442581,2.96467715717,0.0,0.0,0.0
-1.5496200909,-0.301069041667,-0.744972613011,-1.10312646443,1.73977442581,2.96467715717,0.0,0.0,0.0
-1.5496200909,-0.301069041667,-0.744972613011,-1.10312646443,1.73977442581,2.96467715717,0.0,0.0,0.0
-1.5496200909,-0.301069041667,-0.744972613011,-1.10312646443,1.73977442581,2.96467715717,0.0,0.0,0.0
-1.5496200909,-0.301069041667,-0.744972613011,-1.10312646443,1.73977442581,2.96467715717,0.0,0.0,0.0
-1.5496200909,-0.301069041667,-0.744972613011,-1.10312646443,1.73977442581,2.96467715717,0.0,0.0,0.0
-1.5496200909,-0.301069041667,-0.744972613011,-1.10312646443,1.73977442581,2.96467715717,0.0,0.0,0.0
-1.5496200909,-0.301069041667,-0.744972613011,-1.10312646443,1.73977442581,2.96467715717,0.0,0.0,0.0
-1.5496200909,-0.301069041667,-0.744972613011,-1.10312646443,1.73977442581,2.96467715717,0.0,0.0,0.0
-1.5496200909,-0.301069041667,-0.744972613011,-1.10312646443,1.73977442581,2.96467715717,0.0,0.0,0.0
-1.5496200909,-0.301069041667,-0.744972613011,-1.10312646443,1.73977442581,2.96467715717,0.0,0.0,0.0
-1.5496200909,-0.301069041667,-0.744972613011,-1.10312646443,1.73977442581,2.96467715717,0.0,0.0,0.0
-1.5496200909,-0.301069041667,-0.744972613011,-1.10312646443,1.73977442581,2.96467715717,0.0,0.0,0.0
-1.5496200909,-0.301069041667,-0.744972613011,-1.10312646443,1.73977442581,2.96467715717,0.0,0.0,0.0
-1.5496200909,-0.301069041667,-0.744972613011,-1.10312646443,1.73977442581,2.96467715717,0.0,0.0,0.0
